499	7	3.0
499	379	4.0
499	631	5.0
499	518	5.0
499	703	3.0
499	774	3.0
499	271	4.0
499	665	2.0
499	40	3.0
499	362	5.0
499	152	3.0
499	615	2.0
778	82	2.0
778	57	6.0
778	789	3.0
778	716	4.0
778	154	3.0
778	787	1.0
778	98	3.0
778	689	5.0
778	369	1.0
778	525	3.0
778	469	4.0
778	200	4.0
778	434	2.0
778	159	4.0
778	750	5.0
778	603	3.0
778	192	3.0
778	753	1.0
778	817	1.0
778	791	3.0
778	673	4.0
435	936	3.0
435	956	3.0
435	997	1.0
435	864	5.0
435	823	4.0
435	945	5.0
435	840	3.0
435	387	5.0
435	944	4.0
435	957	2.0
877	902	7.0
877	918	3.0
877	321	2.0
877	775	1.0
877	715	4.0
877	255	2.0
877	746	4.0
877	959	2.0
877	786	1.0
877	380	1.0
877	315	4.0
877	589	3.0
877	960	3.0
877	509	5.0
877	343	2.0
877	726	6.0
877	915	1.0
877	418	4.0
877	241	4.0
877	598	5.0
877	776	4.0
877	767	2.0
877	759	1.0
877	31	4.0
877	871	2.0
877	804	4.0
877	174	3.0
877	950	2.0
877	429	4.0
514	704	5.0
514	863	3.0
514	771	2.0
514	454	4.0
514	927	1.0
514	949	4.0
514	855	2.0
514	802	2.0
514	550	2.0
514	809	2.0
514	898	3.0
514	626	5.0
211	764	4.0
211	889	2.0
211	758	1.0
211	930	6.0
211	794	4.0
211	713	3.0
211	884	2.0
211	822	6.0
985	988	2.0
985	641	3.0
985	230	1.0
985	908	4.0
985	498	3.0
985	860	5.0
985	968	1.0
985	786	2.0
985	649	1.0
985	735	1.0
985	629	3.0
985	830	2.0
985	997	2.0
985	569	4.0
985	225	2.0
985	869	1.0
985	940	2.0
985	904	3.0
985	793	3.0
985	12	2.0
985	824	4.0
985	921	3.0
985	962	1.0
985	781	2.0
985	895	2.0
985	969	3.0
985	987	1.0
985	994	3.0
985	742	3.0
985	489	1.0
985	861	4.0
985	756	1.0
985	531	2.0
985	999	2.0
985	992	3.0
985	899	1.0
985	758	2.0
985	993	1.0
985	920	3.0
985	941	2.0
985	959	4.0
985	973	2.0
985	817	2.0
985	801	3.0
985	755	3.0
985	953	4.0
563	579	4.0
563	719	4.0
563	747	5.0
563	480	6.0
563	452	3.0
563	242	3.0
563	557	6.0
563	176	3.0
563	168	5.0
563	337	1.0
563	529	4.0
563	596	3.0
563	312	6.0
407	37	5.0
407	172	3.0
407	463	2.0
407	731	3.0
407	685	2.0
407	114	1.0
407	825	3.0
407	504	3.0
407	852	2.0
407	628	2.0
24	968	1.0
24	761	3.0
24	537	3.0
24	207	2.0
24	693	7.0
24	714	3.0
24	640	4.0
394	383	6.0
394	78	5.0
394	712	5.0
394	857	1.0
394	682	6.0
394	620	1.0
394	323	5.0
394	728	4.0
394	220	5.0
394	748	8.0
965	444	2.0
965	438	3.0
965	697	1.0
965	519	4.0
965	741	2.0
965	897	3.0
965	594	3.0
965	136	4.0
965	538	2.0
965	928	4.0
965	659	1.0
965	912	8.0
965	931	1.0
965	305	1.0
965	523	2.0
965	288	3.0
965	644	4.0
965	923	6.0
965	806	2.0
965	966	3.0
965	990	2.0
965	571	1.0
965	843	3.0
965	405	6.0
965	157	3.0
965	846	2.0
965	993	3.0
965	920	3.0
965	528	2.0
965	766	3.0
965	886	4.0
965	995	1.0
965	658	2.0
965	947	3.0
965	958	2.0
965	118	4.0
965	612	5.0
965	637	3.0
965	845	1.0
965	411	1.0
965	554	2.0
965	970	2.0
965	905	2.0
783	106	6.0
783	339	4.0
783	781	4.0
783	256	4.0
783	642	3.0
783	413	4.0
783	848	2.0
783	161	1.0
783	698	3.0
783	751	3.0
783	208	1.0
783	796	4.0
783	6	2.0
783	847	4.0
783	216	2.0
783	616	3.0
783	986	1.0
783	516	3.0
783	460	5.0
783	832	6.0
783	752	3.0
939	455	4.0
939	972	1.0
939	998	3.0
939	532	5.0
939	635	4.0
939	962	1.0
939	975	1.0
939	794	1.0
939	906	2.0
939	932	3.0
939	582	2.0
939	667	3.0
939	929	2.0
939	989	2.0
939	991	4.0
939	795	3.0
939	913	1.0
939	821	3.0
939	951	2.0
939	607	2.0
939	605	2.0
939	465	5.0
939	695	1.0
939	672	1.0
939	954	1.0
939	938	2.0
939	561	5.0
939	948	2.0
939	376	3.0
939	971	5.0
939	226	1.0
939	617	2.0
939	1000	2.0
939	996	3.0
939	600	1.0
939	800	1.0
939	844	4.0
555	501	4.0
555	311	3.0
555	972	1.0
555	717	2.0
555	586	3.0
555	696	3.0
555	710	2.0
555	541	4.0
555	736	6.0
555	763	2.0
555	788	2.0
555	209	2.0
555	250	3.0
589	915	1.0
589	598	2.0
589	715	2.0
589	767	1.0
589	759	1.0
589	960	3.0
589	442	2.0
589	824	2.0
589	871	1.0
589	804	1.0
589	950	1.0
589	248	2.0
811	842	3.0
811	819	3.0
811	546	7.0
811	119	2.0
811	548	4.0
811	521	4.0
811	89	6.0
811	610	4.0
811	320	3.0
811	743	3.0
811	952	3.0
811	826	7.0
811	591	3.0
811	186	4.0
811	79	7.0
811	112	6.0
811	539	2.0
811	166	5.0
811	836	1.0
811	729	8.0
811	42	3.0
811	859	4.0
811	428	5.0
951	375	4.0
951	455	4.0
951	972	2.0
951	975	2.0
951	532	2.0
951	605	3.0
951	1000	3.0
951	261	1.0
951	369	2.0
951	906	2.0
951	932	1.0
951	408	4.0
951	667	4.0
951	929	4.0
951	991	3.0
951	998	2.0
951	795	1.0
951	769	1.0
951	821	1.0
951	607	3.0
951	635	5.0
951	465	2.0
951	913	1.0
951	889	3.0
951	695	1.0
951	582	4.0
951	672	4.0
951	470	1.0
951	223	2.0
951	938	3.0
951	561	2.0
951	989	3.0
951	971	1.0
951	617	4.0
951	996	1.0
951	844	2.0
951	800	4.0
951	600	1.0
316	570	7.0
316	851	4.0
316	998	1.0
316	829	4.0
316	815	5.0
316	445	4.0
316	623	3.0
316	678	3.0
316	609	4.0
943	653	3.0
943	940	2.0
943	94	2.0
943	919	1.0
943	381	2.0
943	852	2.0
943	723	2.0
943	432	2.0
943	684	4.0
943	475	2.0
943	388	5.0
943	604	4.0
943	344	1.0
943	145	2.0
943	839	2.0
943	314	3.0
943	948	3.0
943	489	4.0
943	942	4.0
943	899	2.0
943	302	3.0
943	588	3.0
943	620	6.0
943	805	1.0
943	333	1.0
943	676	1.0
943	803	3.0
943	937	1.0
943	512	4.0
943	862	2.0
943	575	3.0
943	924	5.0
943	16	3.0
943	367	1.0
943	892	3.0
943	243	2.0
943	59	3.0
943	456	2.0
635	932	1.0
635	998	2.0
635	1000	1.0
635	972	7.0
635	991	3.0
635	938	4.0
635	254	3.0
635	971	1.0
635	929	4.0
635	989	4.0
635	743	3.0
635	975	3.0
635	996	5.0
378	480	3.0
378	268	6.0
378	452	4.0
378	242	3.0
378	557	2.0
378	719	3.0
378	168	3.0
378	999	1.0
378	529	2.0
378	596	4.0
275	910	6.0
275	669	4.0
275	792	4.0
275	930	3.0
275	878	6.0
275	730	3.0
275	964	2.0
275	884	3.0
275	488	5.0
165	812	5.0
165	841	3.0
165	583	6.0
165	621	2.0
165	688	1.0
165	330	2.0
165	614	3.0
165	876	1.0
278	299	4.0
278	522	4.0
278	808	3.0
278	820	1.0
278	493	4.0
278	896	4.0
278	357	3.0
278	680	3.0
278	888	5.0
288	886	2.0
288	512	2.0
288	905	6.0
288	594	6.0
288	970	2.0
288	928	5.0
288	931	4.0
288	995	2.0
343	902	1.0
343	915	2.0
343	871	2.0
343	918	1.0
343	804	1.0
343	509	2.0
343	976	2.0
343	960	2.0
853	720	2.0
853	854	5.0
853	837	1.0
853	785	4.0
853	934	4.0
853	963	3.0
853	978	3.0
853	900	2.0
853	980	1.0
853	979	3.0
853	202	1.0
853	982	1.0
853	436	1.0
853	933	3.0
853	976	2.0
853	954	2.0
853	911	1.0
853	782	3.0
853	879	2.0
853	845	2.0
853	753	3.0
853	984	2.0
81	70	2.0
81	923	4.0
81	947	4.0
81	966	2.0
81	970	3.0
81	995	2.0
81	990	4.0
12	987	4.0
12	994	4.0
12	6	1.0
12	997	1.0
12	999	4.0
12	993	5.0
384	623	7.0
384	851	4.0
384	245	6.0
384	829	5.0
384	815	1.0
384	100	4.0
384	762	5.0
384	22	3.0
384	718	2.0
384	769	5.0
498	987	3.0
498	992	3.0
498	988	4.0
498	993	2.0
498	954	3.0
498	968	1.0
498	973	3.0
498	999	1.0
498	997	2.0
498	994	3.0
498	969	1.0
272	480	5.0
272	579	4.0
272	747	3.0
272	388	3.0
272	557	7.0
272	176	3.0
272	168	2.0
272	719	3.0
272	596	5.0
38	718	3.0
38	887	3.0
38	572	1.0
38	907	2.0
38	866	2.0
38	875	1.0
38	865	1.0
16	948	4.0
16	803	1.0
16	919	2.0
16	942	2.0
16	892	5.0
16	899	1.0
618	827	4.0
618	757	4.0
618	780	3.0
618	350	3.0
618	422	4.0
618	373	2.0
618	797	2.0
618	632	3.0
618	694	4.0
618	77	5.0
618	737	7.0
618	649	4.0
618	458	5.0
618	622	2.0
618	840	1.0
596	101	4.0
596	579	4.0
596	557	4.0
596	309	2.0
596	480	4.0
596	242	6.0
596	176	3.0
596	359	4.0
596	529	5.0
596	747	3.0
596	990	3.0
148	244	3.0
148	841	2.0
148	749	3.0
148	336	3.0
148	734	4.0
148	688	5.0
148	614	2.0
624	978	1.0
624	701	5.0
624	690	6.0
624	760	4.0
624	183	5.0
624	287	2.0
624	199	8.0
624	810	2.0
624	430	1.0
624	850	3.0
624	532	2.0
624	777	6.0
624	453	5.0
624	831	4.0
624	784	1.0
389	833	2.0
389	909	2.0
389	592	2.0
389	732	3.0
389	914	1.0
389	868	1.0
389	935	3.0
389	893	3.0
389	91	1.0
389	301	2.0
530	926	2.0
530	645	3.0
530	702	2.0
530	848	1.0
530	71	3.0
530	765	6.0
530	700	4.0
530	657	3.0
530	484	4.0
530	448	4.0
530	578	2.0
530	545	3.0
506	197	1.0
506	43	3.0
506	205	3.0
506	524	5.0
506	2	3.0
506	581	5.0
506	597	2.0
506	358	1.0
506	723	4.0
506	779	2.0
506	725	3.0
506	671	2.0
986	400	2.0
986	326	2.0
986	415	1.0
986	361	1.0
986	967	3.0
986	240	3.0
986	980	1.0
986	584	3.0
986	661	2.0
986	619	2.0
986	916	4.0
986	140	3.0
986	109	2.0
986	52	2.0
986	572	1.0
986	587	3.0
986	977	1.0
986	198	1.0
986	467	4.0
986	870	1.0
986	231	4.0
986	964	1.0
986	903	3.0
986	981	2.0
986	663	2.0
986	872	5.0
986	263	5.0
986	293	4.0
986	523	2.0
986	313	1.0
986	91	2.0
986	691	2.0
986	974	2.0
986	478	2.0
986	346	2.0
986	437	5.0
986	952	2.0
986	946	6.0
986	676	3.0
986	925	2.0
986	855	2.0
986	574	2.0
986	983	3.0
986	961	2.0
986	135	3.0
256	752	2.0
256	848	3.0
256	698	3.0
256	799	2.0
256	781	3.0
256	832	3.0
256	847	4.0
885	874	3.0
885	55	5.0
885	828	1.0
885	421	3.0
885	882	3.0
885	891	3.0
885	813	4.0
885	236	3.0
885	647	3.0
885	194	4.0
885	835	2.0
885	295	5.0
885	116	5.0
885	282	1.0
885	571	2.0
885	190	4.0
885	478	1.0
885	306	2.0
885	179	3.0
885	105	3.0
885	562	6.0
885	120	4.0
885	638	2.0
885	754	3.0
885	289	5.0
885	881	2.0
885	468	2.0
885	883	2.0
885	890	1.0
885	129	1.0
838	936	2.0
838	956	3.0
838	342	3.0
838	818	2.0
838	227	2.0
838	858	3.0
838	433	3.0
838	386	2.0
838	366	4.0
838	773	2.0
838	957	1.0
838	677	2.0
838	639	3.0
838	20	7.0
838	340	3.0
838	99	1.0
838	945	3.0
838	237	1.0
838	944	5.0
838	864	1.0
838	42	3.0
838	857	4.0
838	516	2.0
838	840	3.0
838	558	4.0
89	79	3.0
89	859	3.0
89	546	7.0
89	356	5.0
89	591	6.0
89	521	3.0
244	812	2.0
244	841	5.0
244	854	1.0
244	139	2.0
244	583	2.0
244	734	2.0
244	749	1.0
290	570	8.0
290	851	5.0
290	880	3.0
290	815	2.0
290	182	5.0
290	214	4.0
290	762	3.0
290	623	4.0
290	274	6.0
34	696	4.0
34	710	4.0
34	556	4.0
34	608	3.0
34	736	2.0
34	763	1.0
34	586	3.0
434	392	3.0
434	789	3.0
434	887	2.0
434	716	3.0
434	787	2.0
434	750	5.0
434	98	2.0
434	791	2.0
434	673	3.0
670	35	3.0
670	5	5.0
670	305	1.0
670	457	1.0
670	258	4.0
670	856	4.0
670	971	1.0
670	497	2.0
670	744	2.0
670	894	4.0
670	412	3.0
670	876	2.0
670	926	1.0
670	127	1.0
670	917	1.0
670	922	7.0
457	926	1.0
457	585	2.0
457	972	1.0
457	922	4.0
457	876	3.0
457	177	3.0
457	894	3.0
457	856	3.0
457	559	4.0
457	917	3.0
826	842	5.0
826	819	6.0
826	546	2.0
826	119	6.0
826	548	4.0
826	521	4.0
826	610	8.0
826	786	1.0
826	743	8.0
826	591	5.0
826	186	2.0
826	79	6.0
826	774	3.0
826	112	4.0
826	142	3.0
826	356	5.0
826	539	2.0
826	320	6.0
826	729	5.0
826	166	5.0
826	859	5.0
826	428	3.0
826	181	6.0
209	476	2.0
209	696	1.0
209	710	4.0
209	763	4.0
209	788	2.0
209	717	4.0
209	895	3.0
220	449	8.0
220	712	6.0
220	686	3.0
220	97	7.0
220	728	8.0
220	748	6.0
220	615	7.0
901	470	4.0
901	184	1.0
901	56	6.0
901	400	1.0
901	780	1.0
901	576	6.0
901	4	4.0
901	907	5.0
901	794	1.0
901	560	2.0
901	414	3.0
901	718	3.0
901	738	5.0
901	875	3.0
901	549	3.0
901	683	6.0
901	416	2.0
901	15	3.0
901	865	2.0
901	232	4.0
901	335	5.0
901	138	2.0
901	310	3.0
901	816	5.0
901	543	2.0
901	28	3.0
901	887	4.0
901	527	5.0
901	370	2.0
901	705	3.0
901	681	6.0
901	866	2.0
747	268	3.0
747	101	4.0
747	239	1.0
747	809	1.0
747	579	3.0
747	719	4.0
747	557	3.0
747	309	2.0
747	452	5.0
747	242	7.0
747	176	4.0
747	359	3.0
747	168	6.0
747	529	3.0
747	129	1.0
747	312	5.0
346	967	4.0
346	974	5.0
346	952	2.0
346	983	1.0
346	961	2.0
346	981	5.0
346	964	2.0
346	977	3.0
417	355	6.0
417	623	4.0
417	851	2.0
417	712	1.0
417	829	4.0
417	815	4.0
417	762	3.0
417	431	1.0
417	678	5.0
417	769	1.0
398	745	4.0
398	798	6.0
398	565	3.0
398	727	8.0
398	740	4.0
398	692	4.0
398	722	3.0
398	715	1.0
398	642	4.0
398	643	3.0
829	214	2.0
829	22	3.0
829	445	7.0
829	95	4.0
829	815	1.0
829	372	3.0
829	973	2.0
829	39	2.0
829	355	3.0
829	623	4.0
829	851	3.0
829	245	2.0
829	100	5.0
829	993	3.0
829	431	3.0
829	609	5.0
829	570	4.0
829	762	3.0
829	54	5.0
829	769	5.0
829	274	7.0
888	299	2.0
888	146	2.0
888	393	4.0
888	153	5.0
888	495	3.0
888	977	1.0
888	540	4.0
888	142	3.0
888	482	5.0
888	522	5.0
888	328	3.0
888	779	1.0
888	493	2.0
888	978	1.0
888	66	2.0
888	46	2.0
888	849	4.0
888	25	2.0
888	645	1.0
888	608	4.0
888	196	2.0
888	357	4.0
888	651	3.0
888	215	2.0
888	808	2.0
888	424	1.0
888	896	5.0
888	219	1.0
888	680	3.0
888	327	2.0
474	500	3.0
474	765	4.0
474	700	4.0
474	459	5.0
474	657	3.0
474	448	3.0
474	253	3.0
474	702	2.0
474	484	6.0
474	545	6.0
474	3	2.0
208	29	2.0
208	848	2.0
208	796	2.0
208	847	1.0
208	781	3.0
208	832	2.0
208	751	4.0
897	528	1.0
897	519	3.0
897	637	3.0
897	594	3.0
897	136	3.0
897	538	2.0
897	843	3.0
897	912	2.0
897	931	3.0
897	996	1.0
897	741	5.0
897	658	2.0
897	923	3.0
897	806	2.0
897	966	4.0
897	990	4.0
897	886	3.0
897	659	2.0
897	204	2.0
897	970	3.0
897	697	5.0
897	995	2.0
897	766	3.0
897	947	2.0
897	958	2.0
897	612	2.0
897	921	2.0
897	845	4.0
897	928	2.0
897	554	2.0
897	905	5.0
855	50	5.0
855	863	3.0
855	441	2.0
855	454	4.0
855	955	3.0
855	880	2.0
855	770	2.0
855	260	2.0
855	773	1.0
855	898	3.0
855	626	1.0
855	405	1.0
855	436	2.0
855	633	2.0
855	691	2.0
855	76	2.0
855	72	3.0
855	771	4.0
855	595	6.0
855	949	3.0
855	927	2.0
855	351	4.0
855	259	2.0
855	809	3.0
855	243	5.0
724	379	3.0
724	827	3.0
724	632	2.0
724	780	2.0
724	446	2.0
724	918	1.0
724	385	3.0
724	797	3.0
724	694	3.0
724	77	3.0
724	622	5.0
724	649	2.0
724	757	1.0
724	229	4.0
724	422	3.0
724	737	6.0
724	427	6.0
724	793	4.0
625	731	4.0
625	75	3.0
625	590	3.0
625	825	1.0
625	404	3.0
625	322	1.0
625	58	1.0
625	172	1.0
625	646	2.0
625	113	4.0
625	666	4.0
625	685	4.0
625	479	1.0
625	504	3.0
625	628	2.0
796	106	3.0
796	339	1.0
796	161	3.0
796	698	1.0
796	847	4.0
796	684	1.0
796	60	3.0
796	616	3.0
796	832	3.0
796	246	4.0
796	752	1.0
796	731	2.0
796	460	3.0
796	125	3.0
796	751	2.0
796	6	3.0
796	848	3.0
796	516	2.0
796	781	4.0
796	413	5.0
29	912	2.0
29	931	2.0
29	958	3.0
29	995	2.0
29	947	3.0
29	990	1.0
679	704	5.0
679	880	3.0
679	863	3.0
679	441	2.0
679	50	3.0
679	771	1.0
679	454	2.0
679	535	3.0
679	955	2.0
679	949	5.0
679	927	1.0
679	436	2.0
679	770	2.0
679	836	4.0
679	935	1.0
679	998	1.0
679	898	4.0
516	752	1.0
516	945	2.0
516	698	3.0
516	847	4.0
516	616	4.0
516	848	2.0
516	751	3.0
516	781	2.0
516	832	5.0
983	400	2.0
983	326	2.0
983	415	3.0
983	361	2.0
983	240	2.0
983	980	3.0
983	584	1.0
983	661	2.0
983	619	4.0
983	916	3.0
983	140	3.0
983	109	4.0
983	467	4.0
983	690	1.0
983	572	2.0
983	587	3.0
983	977	4.0
983	967	3.0
983	870	2.0
983	231	4.0
983	964	4.0
983	903	6.0
983	249	3.0
983	825	1.0
983	981	1.0
983	483	2.0
983	663	4.0
983	872	1.0
983	263	3.0
983	293	4.0
983	523	2.0
983	313	1.0
983	91	3.0
983	974	4.0
983	478	1.0
983	437	3.0
983	952	5.0
983	946	2.0
983	676	2.0
983	925	2.0
983	574	4.0
983	135	1.0
983	961	4.0
983	52	5.0
349	971	1.0
349	727	2.0
349	513	6.0
349	745	1.0
349	332	3.0
349	798	4.0
349	722	7.0
349	709	8.0
349	643	4.0
649	508	2.0
649	458	4.0
649	780	2.0
649	422	4.0
649	757	4.0
649	793	4.0
649	279	4.0
649	632	2.0
649	797	5.0
649	737	1.0
649	385	2.0
649	374	4.0
988	601	6.0
988	641	2.0
988	994	5.0
988	908	4.0
988	860	2.0
988	968	2.0
988	786	3.0
988	735	5.0
988	629	1.0
988	830	4.0
988	997	3.0
988	569	4.0
988	869	4.0
988	940	4.0
988	552	1.0
988	110	2.0
988	904	4.0
988	599	1.0
988	824	3.0
988	921	1.0
988	975	2.0
988	895	2.0
988	969	3.0
988	987	5.0
988	185	4.0
988	492	1.0
988	742	2.0
988	843	1.0
988	861	2.0
988	756	1.0
988	531	3.0
988	999	3.0
988	788	1.0
988	992	2.0
988	758	4.0
988	953	4.0
988	920	6.0
988	941	5.0
988	959	6.0
988	973	2.0
988	817	4.0
988	801	3.0
988	993	2.0
988	755	6.0
988	962	3.0
299	328	2.0
299	808	1.0
299	608	4.0
299	916	1.0
299	896	1.0
299	67	4.0
299	327	2.0
735	987	1.0
735	940	1.0
735	825	3.0
735	420	2.0
735	992	3.0
735	993	3.0
735	920	1.0
735	941	3.0
735	959	2.0
735	968	2.0
735	973	1.0
735	921	3.0
735	999	4.0
735	997	2.0
735	962	3.0
735	994	3.0
735	969	2.0
655	706	2.0
655	922	1.0
655	324	3.0
655	856	1.0
655	486	5.0
655	674	1.0
655	497	2.0
655	491	2.0
655	585	3.0
655	894	4.0
655	233	2.0
655	575	1.0
655	926	1.0
655	559	2.0
655	399	3.0
655	917	1.0
919	854	3.0
919	852	2.0
919	969	1.0
919	432	5.0
919	684	2.0
919	456	2.0
919	534	1.0
919	388	1.0
919	604	2.0
919	344	4.0
919	839	1.0
919	314	2.0
919	948	1.0
919	489	4.0
919	942	1.0
919	302	3.0
919	588	4.0
919	805	3.0
919	653	2.0
919	542	1.0
919	803	3.0
919	937	4.0
919	512	2.0
919	862	5.0
919	186	1.0
919	575	3.0
919	924	3.0
919	367	3.0
919	892	1.0
919	899	3.0
919	59	6.0
919	475	5.0
546	842	3.0
546	186	2.0
546	819	9.0
546	812	3.0
546	610	6.0
546	743	7.0
546	729	4.0
546	859	3.0
546	181	5.0
930	987	4.0
930	634	4.0
930	792	6.0
930	515	3.0
930	664	6.0
930	156	5.0
930	794	4.0
930	910	1.0
930	602	2.0
930	884	3.0
930	613	5.0
930	267	3.0
930	322	2.0
930	235	3.0
930	87	5.0
930	630	3.0
930	730	6.0
930	420	4.0
930	822	3.0
930	764	5.0
930	889	4.0
930	297	2.0
930	352	2.0
930	787	3.0
930	85	3.0
930	254	3.0
930	878	1.0
930	669	1.0
930	360	2.0
930	967	2.0
930	96	6.0
930	83	4.0
930	713	1.0
930	517	1.0
84	30	2.0
84	922	2.0
84	305	1.0
84	505	3.0
84	926	1.0
84	917	2.0
84	744	2.0
692	798	2.0
692	565	1.0
692	881	2.0
692	513	2.0
692	722	4.0
692	707	3.0
692	643	4.0
692	425	4.0
692	221	5.0
692	143	3.0
692	520	3.0
692	727	3.0
692	740	1.0
692	298	2.0
692	642	1.0
692	709	3.0
80	687	3.0
80	27	4.0
80	319	6.0
80	935	2.0
80	768	2.0
80	772	1.0
80	675	3.0
286	812	4.0
286	621	5.0
286	841	3.0
286	107	2.0
286	664	2.0
286	577	4.0
286	734	6.0
286	551	4.0
286	265	3.0
279	793	3.0
279	737	3.0
279	757	6.0
279	195	2.0
279	797	4.0
279	64	3.0
279	780	3.0
279	827	4.0
271	93	5.0
271	623	2.0
271	450	2.0
271	665	3.0
271	353	2.0
271	631	4.0
271	774	5.0
271	362	1.0
113	419	5.0
113	666	5.0
113	825	6.0
113	404	1.0
113	178	4.0
113	611	2.0
564	706	3.0
564	922	1.0
564	505	1.0
564	917	1.0
564	876	1.0
564	744	2.0
564	497	1.0
564	995	2.0
564	585	2.0
564	894	3.0
564	233	4.0
564	926	2.0
564	856	2.0
616	752	2.0
616	460	5.0
616	848	4.0
616	698	3.0
616	847	4.0
616	751	2.0
616	132	7.0
616	216	3.0
616	781	5.0
616	832	3.0
616	107	3.0
319	137	1.0
319	507	4.0
319	772	1.0
319	536	3.0
319	21	4.0
319	552	8.0
319	264	1.0
319	675	5.0
615	682	3.0
615	449	4.0
615	712	3.0
615	686	3.0
615	748	8.0
615	10	2.0
615	308	4.0
615	175	2.0
615	396	6.0
615	318	2.0
615	390	6.0
615	728	5.0
880	158	5.0
880	50	6.0
880	704	7.0
880	863	3.0
880	441	4.0
880	535	5.0
880	955	1.0
880	656	3.0
880	770	3.0
880	550	3.0
880	898	3.0
880	626	4.0
880	436	5.0
880	633	4.0
880	691	2.0
880	76	3.0
880	125	2.0
880	771	3.0
880	595	3.0
880	927	2.0
880	949	2.0
880	864	1.0
880	836	1.0
880	259	2.0
880	809	5.0
880	243	3.0
47	71	8.0
47	765	2.0
47	700	5.0
47	459	4.0
47	253	4.0
47	578	6.0
47	3	2.0
587	974	7.0
587	961	1.0
587	946	1.0
587	981	1.0
587	925	1.0
587	977	4.0
587	967	2.0
587	952	1.0
587	964	4.0
587	916	3.0
587	72	1.0
945	936	2.0
945	639	2.0
945	956	3.0
945	342	3.0
945	487	3.0
945	246	1.0
945	818	3.0
945	648	2.0
945	227	2.0
945	858	3.0
945	433	3.0
945	386	2.0
945	366	3.0
945	823	2.0
945	773	2.0
945	387	3.0
945	578	2.0
945	957	4.0
945	202	2.0
945	677	4.0
945	526	1.0
945	500	5.0
945	340	5.0
945	217	2.0
945	99	4.0
945	237	5.0
945	944	3.0
945	11	5.0
945	864	2.0
945	553	2.0
945	395	4.0
945	857	2.0
945	451	5.0
945	840	5.0
945	558	3.0
799	636	2.0
799	733	3.0
799	122	3.0
799	834	2.0
799	401	3.0
799	104	3.0
799	73	6.0
799	510	4.0
799	873	2.0
799	820	1.0
799	721	3.0
799	874	1.0
799	668	4.0
799	397	1.0
799	846	3.0
799	354	4.0
799	14	4.0
799	345	1.0
799	790	2.0
799	111	2.0
799	814	4.0
954	296	2.0
954	30	2.0
954	490	3.0
954	837	5.0
954	160	7.0
954	934	3.0
954	980	3.0
954	461	6.0
954	720	5.0
954	900	3.0
954	423	2.0
954	303	3.0
954	963	2.0
954	471	4.0
954	115	3.0
954	978	3.0
954	979	4.0
954	269	3.0
954	854	1.0
954	982	1.0
954	850	1.0
954	473	4.0
954	933	3.0
954	976	2.0
954	345	4.0
954	238	3.0
954	911	2.0
954	785	1.0
954	782	3.0
954	391	3.0
954	879	2.0
954	568	2.0
954	753	5.0
954	984	2.0
954	627	4.0
954	652	2.0
462	104	2.0
462	873	3.0
462	510	5.0
462	622	2.0
462	668	4.0
462	820	3.0
462	790	4.0
462	354	4.0
462	721	1.0
462	834	4.0
462	846	4.0
212	682	4.0
212	449	4.0
212	712	2.0
212	686	3.0
212	323	2.0
212	728	4.0
212	748	4.0
212	767	2.0
958	382	3.0
958	833	2.0
958	438	4.0
958	528	1.0
958	594	2.0
958	136	2.0
958	766	1.0
958	847	3.0
958	659	2.0
958	845	4.0
958	931	1.0
958	741	1.0
958	644	2.0
958	923	2.0
958	234	2.0
958	966	3.0
958	191	3.0
958	571	1.0
958	843	3.0
958	352	1.0
958	912	1.0
958	970	5.0
958	697	2.0
958	676	1.0
958	886	2.0
958	806	3.0
958	658	4.0
958	947	6.0
958	905	2.0
958	637	2.0
958	338	2.0
958	990	5.0
958	928	2.0
958	554	4.0
958	995	3.0
958	123	1.0
958	187	3.0
175	748	2.0
175	449	6.0
175	712	5.0
175	686	5.0
175	308	4.0
175	390	5.0
175	728	4.0
617	989	2.0
617	998	3.0
617	1000	5.0
617	972	4.0
617	906	4.0
617	938	2.0
617	932	2.0
617	971	2.0
617	15	3.0
617	929	2.0
617	991	2.0
617	975	2.0
617	996	2.0
963	296	4.0
963	720	2.0
963	828	1.0
963	490	2.0
963	837	1.0
963	160	3.0
963	934	1.0
963	980	1.0
963	461	2.0
963	978	2.0
963	613	1.0
963	900	3.0
963	423	3.0
963	303	3.0
963	566	1.0
963	471	4.0
963	115	5.0
963	933	2.0
963	283	3.0
963	769	2.0
963	911	3.0
963	269	3.0
963	854	2.0
963	70	1.0
963	982	2.0
963	465	1.0
963	473	3.0
963	150	6.0
963	976	3.0
963	238	3.0
963	371	3.0
963	785	1.0
963	979	1.0
963	782	2.0
963	391	1.0
963	879	2.0
963	568	4.0
963	753	2.0
963	984	2.0
963	627	4.0
963	652	3.0
448	645	3.0
448	155	2.0
448	364	3.0
448	533	2.0
448	557	2.0
448	657	4.0
448	578	2.0
448	702	4.0
448	765	2.0
40	770	1.0
40	665	4.0
40	703	2.0
40	13	6.0
40	406	6.0
40	362	2.0
26	812	4.0
26	841	2.0
26	277	2.0
26	577	1.0
26	688	1.0
26	551	2.0
26	911	2.0
600	989	1.0
600	998	2.0
600	953	1.0
600	972	2.0
600	991	3.0
600	3	3.0
600	932	2.0
600	971	3.0
600	938	5.0
600	1000	3.0
600	975	3.0
600	996	3.0
518	774	3.0
518	450	4.0
518	907	2.0
518	8	3.0
518	201	3.0
518	347	3.0
518	32	3.0
518	665	6.0
518	13	3.0
518	406	4.0
518	703	4.0
720	639	2.0
720	982	2.0
720	978	4.0
720	854	2.0
720	837	2.0
720	934	3.0
720	976	3.0
720	911	3.0
720	980	2.0
720	979	4.0
720	879	3.0
720	933	3.0
720	1000	2.0
720	900	1.0
720	984	1.0
257	599	3.0
257	882	1.0
257	534	5.0
257	760	3.0
257	850	4.0
257	831	3.0
257	810	2.0
257	784	3.0
138	887	4.0
138	907	2.0
138	866	5.0
138	875	2.0
138	705	6.0
138	535	1.0
585	926	1.0
585	706	3.0
585	922	2.0
585	856	1.0
585	876	3.0
585	491	1.0
585	737	1.0
585	505	3.0
585	699	2.0
585	917	2.0
401	636	3.0
401	790	3.0
401	873	5.0
401	820	3.0
401	485	3.0
401	846	4.0
401	651	2.0
401	834	3.0
401	814	1.0
688	841	1.0
688	277	3.0
688	515	1.0
688	45	2.0
688	749	2.0
688	330	1.0
688	614	2.0
688	812	5.0
688	121	5.0
688	228	2.0
688	583	4.0
688	734	10.0
688	127	4.0
688	551	3.0
794	664	1.0
794	602	4.0
794	884	3.0
794	613	1.0
794	235	3.0
794	475	2.0
794	630	2.0
794	730	4.0
794	420	2.0
794	488	2.0
794	822	1.0
794	764	3.0
794	889	4.0
794	910	5.0
794	878	2.0
794	517	5.0
794	96	3.0
794	87	4.0
746	902	3.0
746	915	3.0
746	960	4.0
746	472	3.0
746	918	2.0
746	598	2.0
746	443	3.0
746	515	1.0
746	776	3.0
746	950	1.0
746	767	3.0
746	418	5.0
746	871	1.0
746	315	4.0
746	804	3.0
746	628	2.0
746	329	8.0
746	775	4.0
280	696	4.0
280	717	5.0
280	501	2.0
280	831	3.0
280	736	2.0
280	763	2.0
280	788	2.0
280	708	3.0
280	250	4.0
334	476	5.0
334	696	2.0
334	710	4.0
334	501	5.0
334	736	4.0
334	763	2.0
334	788	2.0
334	708	2.0
334	717	4.0
868	867	3.0
868	375	1.0
868	592	2.0
868	716	2.0
868	409	4.0
868	108	3.0
868	802	3.0
868	48	5.0
868	711	5.0
868	341	2.0
868	410	2.0
868	935	1.0
868	660	2.0
868	893	5.0
868	833	2.0
868	464	3.0
868	210	2.0
868	496	3.0
868	301	4.0
868	909	3.0
868	732	4.0
868	914	2.0
868	662	3.0
868	440	2.0
868	504	1.0
868	566	3.0
868	337	3.0
442	759	5.0
442	902	3.0
442	715	1.0
442	898	1.0
442	950	2.0
442	918	1.0
442	960	5.0
442	241	3.0
442	33	3.0
442	767	4.0
254	910	1.0
254	889	4.0
254	664	1.0
254	878	3.0
254	884	5.0
254	613	2.0
935	439	5.0
935	867	5.0
935	592	1.0
935	409	3.0
935	108	3.0
935	48	1.0
935	496	3.0
935	566	4.0
935	410	3.0
935	662	4.0
935	893	4.0
935	103	1.0
935	660	3.0
935	611	5.0
935	833	3.0
935	464	2.0
935	210	5.0
935	86	2.0
935	74	6.0
935	711	3.0
935	276	2.0
935	909	3.0
935	732	2.0
935	914	1.0
935	391	2.0
935	341	2.0
935	440	3.0
935	807	3.0
935	802	3.0
935	301	2.0
935	61	1.0
935	337	4.0
999	601	2.0
999	641	2.0
999	230	2.0
999	908	4.0
999	860	2.0
999	968	1.0
999	994	1.0
999	786	4.0
999	629	3.0
999	830	1.0
999	997	2.0
999	569	3.0
999	225	2.0
999	869	2.0
999	940	3.0
999	105	1.0
999	110	2.0
999	904	2.0
999	909	2.0
999	824	3.0
999	921	5.0
999	895	1.0
999	969	5.0
999	987	1.0
999	185	2.0
999	492	3.0
999	742	3.0
999	861	1.0
999	756	3.0
999	531	1.0
999	390	2.0
999	992	1.0
999	758	4.0
999	953	2.0
999	920	1.0
999	941	2.0
999	959	2.0
999	973	1.0
999	817	3.0
999	801	3.0
999	993	1.0
999	770	1.0
999	755	4.0
999	962	4.0
509	902	4.0
509	915	1.0
509	775	3.0
509	918	4.0
509	776	2.0
509	960	2.0
509	890	1.0
509	871	2.0
509	804	3.0
509	429	4.0
66	849	4.0
66	62	2.0
66	641	2.0
66	493	4.0
66	896	3.0
66	808	1.0
306	891	2.0
306	717	2.0
306	890	1.0
306	882	4.0
306	883	2.0
306	874	4.0
306	881	2.0
306	835	4.0
363	430	3.0
363	701	3.0
363	690	5.0
363	784	2.0
363	831	2.0
363	415	1.0
363	810	3.0
363	203	4.0
363	760	3.0
478	967	4.0
478	974	3.0
478	952	3.0
478	961	2.0
478	946	2.0
478	981	2.0
478	964	3.0
478	977	3.0
464	867	4.0
464	968	2.0
464	711	1.0
464	802	2.0
464	662	3.0
464	909	2.0
464	893	4.0
464	301	3.0
464	807	1.0
731	294	4.0
731	825	2.0
731	466	2.0
731	463	4.0
731	287	1.0
731	307	2.0
731	404	2.0
731	178	1.0
731	58	2.0
731	172	3.0
731	646	2.0
731	266	4.0
731	685	3.0
731	479	4.0
731	504	2.0
731	75	3.0
787	82	2.0
787	57	4.0
787	689	2.0
787	789	4.0
787	716	2.0
787	154	3.0
787	170	4.0
787	304	4.0
787	469	1.0
787	525	6.0
787	392	3.0
787	200	4.0
787	159	5.0
787	750	2.0
787	603	4.0
787	996	2.0
787	791	3.0
787	673	1.0
508	827	3.0
508	780	3.0
508	446	5.0
508	1000	2.0
508	373	6.0
508	797	2.0
508	694	2.0
508	632	6.0
508	622	5.0
508	458	4.0
508	737	4.0
707	565	1.0
707	959	2.0
707	513	2.0
707	68	3.0
707	722	5.0
707	798	4.0
707	502	3.0
707	643	3.0
707	425	3.0
707	221	2.0
707	167	2.0
707	520	1.0
707	727	5.0
707	740	5.0
707	298	2.0
707	642	2.0
707	709	3.0
454	949	4.0
454	704	3.0
454	836	3.0
454	955	4.0
454	749	1.0
454	595	7.0
454	927	3.0
454	863	2.0
303	980	3.0
303	982	3.0
303	978	3.0
303	976	3.0
303	984	3.0
303	58	1.0
303	979	4.0
333	937	6.0
333	948	1.0
333	899	3.0
333	567	1.0
333	862	4.0
333	924	2.0
333	942	1.0
333	805	1.0
620	114	3.0
620	899	5.0
620	942	3.0
620	892	2.0
620	653	4.0
620	803	3.0
620	937	2.0
620	575	2.0
620	924	2.0
620	948	2.0
620	839	2.0
620	805	2.0
620	59	5.0
424	540	4.0
424	62	1.0
424	215	5.0
424	808	6.0
424	92	1.0
424	393	3.0
424	651	4.0
424	896	1.0
424	680	3.0
484	71	4.0
484	765	2.0
484	700	3.0
484	364	4.0
484	657	3.0
484	979	1.0
484	578	5.0
484	702	4.0
484	198	3.0
428	842	6.0
428	539	4.0
428	729	5.0
428	743	4.0
428	819	4.0
428	591	3.0
428	859	6.0
428	972	1.0
332	798	3.0
332	167	2.0
332	520	3.0
332	727	2.0
332	740	3.0
332	722	4.0
332	745	5.0
332	823	1.0
427	987	1.0
427	77	3.0
427	797	4.0
427	458	3.0
427	350	4.0
427	385	2.0
427	827	6.0
427	757	3.0
427	694	1.0
327	808	4.0
327	608	5.0
327	153	6.0
327	896	2.0
327	219	1.0
327	680	3.0
327	835	1.0
867	439	5.0
867	592	2.0
867	409	2.0
867	711	4.0
867	566	2.0
867	410	2.0
867	893	3.0
867	660	3.0
867	440	3.0
867	276	4.0
867	833	2.0
867	86	3.0
867	909	3.0
867	74	4.0
867	496	1.0
867	751	1.0
867	807	3.0
867	611	4.0
867	732	1.0
867	914	2.0
867	662	7.0
867	550	1.0
867	784	2.0
867	802	1.0
867	337	4.0
345	733	2.0
345	873	3.0
345	397	2.0
345	820	3.0
345	485	1.0
345	834	3.0
345	846	3.0
94	937	2.0
94	948	2.0
94	302	6.0
94	942	6.0
94	892	2.0
94	852	4.0
393	849	3.0
393	482	2.0
393	46	1.0
393	493	7.0
393	608	4.0
393	896	2.0
393	67	5.0
393	374	1.0
203	850	4.0
203	690	4.0
203	273	5.0
203	777	2.0
203	183	6.0
203	224	6.0
203	784	8.0
900	382	4.0
900	854	1.0
900	837	2.0
900	785	2.0
900	934	4.0
900	978	1.0
900	979	3.0
900	610	1.0
900	980	4.0
900	652	1.0
900	761	2.0
900	982	4.0
900	933	1.0
900	976	2.0
900	911	6.0
900	782	2.0
900	879	5.0
900	753	2.0
900	984	2.0
900	627	3.0
696	476	5.0
696	501	2.0
696	311	4.0
696	766	1.0
696	717	4.0
696	556	5.0
696	710	3.0
696	586	3.0
696	19	7.0
696	763	3.0
696	788	2.0
696	250	5.0
142	849	4.0
142	522	3.0
142	651	5.0
142	896	1.0
142	67	3.0
482	849	3.0
482	347	1.0
482	328	5.0
482	808	2.0
482	522	4.0
482	651	1.0
482	153	2.0
482	896	4.0
482	495	2.0
871	902	2.0
871	918	4.0
871	292	4.0
871	472	5.0
871	197	3.0
871	255	4.0
871	969	2.0
871	931	1.0
871	31	3.0
871	380	2.0
871	960	4.0
871	775	2.0
871	915	4.0
871	937	3.0
871	598	2.0
871	776	2.0
871	767	4.0
871	759	5.0
871	804	4.0
871	429	4.0
871	443	2.0
871	950	1.0
871	248	2.0
221	798	2.0
221	775	2.0
221	745	5.0
221	642	3.0
221	722	3.0
221	709	3.0
557	268	1.0
557	101	6.0
557	529	3.0
557	239	2.0
557	776	3.0
557	452	7.0
557	719	7.0
494	36	3.0
494	317	6.0
494	597	3.0
494	725	4.0
494	723	7.0
494	414	3.0
494	606	2.0
494	481	2.0
494	205	2.0
494	524	2.0
494	779	4.0
875	335	3.0
875	56	4.0
875	683	3.0
875	907	2.0
875	560	4.0
875	659	2.0
875	414	4.0
875	718	2.0
875	738	2.0
875	549	4.0
875	990	3.0
875	15	5.0
875	865	3.0
875	232	3.0
875	470	7.0
875	310	5.0
875	816	2.0
875	543	3.0
875	28	2.0
875	887	1.0
875	790	1.0
875	527	1.0
875	370	3.0
875	705	5.0
875	681	5.0
875	866	2.0
152	7	6.0
152	631	3.0
152	32	4.0
152	665	2.0
152	904	2.0
152	703	5.0
807	439	2.0
807	300	2.0
807	117	1.0
807	711	2.0
807	592	2.0
807	566	2.0
807	410	1.0
807	103	2.0
807	660	2.0
807	893	3.0
807	833	3.0
807	295	1.0
807	210	6.0
807	301	2.0
807	909	2.0
807	732	2.0
807	914	1.0
807	662	4.0
807	802	2.0
807	337	3.0
461	982	2.0
461	978	2.0
461	984	1.0
461	934	3.0
461	933	2.0
461	976	2.0
461	399	2.0
461	980	4.0
461	979	3.0
687	27	1.0
687	321	3.0
687	21	4.0
687	552	1.0
687	264	3.0
687	236	4.0
687	675	3.0
687	137	2.0
687	69	9.0
687	18	3.0
687	503	1.0
687	768	2.0
687	772	2.0
687	284	3.0
687	966	1.0
687	507	4.0
465	932	2.0
465	989	4.0
465	971	4.0
465	998	5.0
465	996	2.0
465	1000	4.0
465	975	4.0
465	991	5.0
473	982	3.0
473	978	2.0
473	995	1.0
473	934	7.0
473	933	4.0
473	976	3.0
473	984	5.0
473	980	2.0
473	979	1.0
200	247	2.0
200	304	2.0
200	441	1.0
200	750	3.0
200	525	6.0
200	791	3.0
552	772	3.0
552	547	3.0
552	321	4.0
552	507	2.0
552	236	2.0
552	536	4.0
552	768	4.0
552	206	6.0
552	284	6.0
552	270	4.0
98	426	2.0
98	750	3.0
98	603	2.0
98	791	2.0
98	673	3.0
937	956	1.0
937	940	2.0
937	388	4.0
937	852	2.0
937	432	1.0
937	684	3.0
937	475	1.0
937	90	1.0
937	604	4.0
937	344	4.0
937	145	3.0
937	839	3.0
937	314	2.0
937	489	2.0
937	899	2.0
937	302	3.0
937	588	3.0
937	805	3.0
937	653	4.0
937	542	1.0
937	803	5.0
937	948	2.0
937	512	3.0
937	862	4.0
937	575	2.0
937	924	2.0
937	942	5.0
937	892	4.0
937	675	2.0
937	59	3.0
937	456	3.0
430	599	6.0
430	701	3.0
430	810	2.0
430	224	2.0
430	262	2.0
430	573	5.0
430	795	1.0
430	784	2.0
28	865	3.0
28	887	3.0
28	134	1.0
28	907	3.0
28	866	5.0
711	833	4.0
711	592	4.0
711	611	4.0
711	909	2.0
711	496	5.0
711	914	3.0
711	566	2.0
711	410	3.0
711	801	2.0
711	926	1.0
711	732	4.0
711	660	1.0
711	893	3.0
242	216	2.0
242	579	2.0
242	168	3.0
242	719	2.0
913	998	4.0
913	907	1.0
913	906	3.0
913	955	1.0
913	932	3.0
913	667	2.0
913	893	1.0
913	991	5.0
913	1000	3.0
913	821	3.0
913	795	2.0
913	695	1.0
913	800	2.0
913	972	1.0
913	938	4.0
913	989	4.0
913	971	3.0
913	672	3.0
913	996	2.0
913	929	3.0
913	975	3.0
913	844	3.0
381	948	2.0
381	899	2.0
381	684	3.0
381	984	1.0
381	862	2.0
381	924	4.0
381	942	1.0
381	803	6.0
381	852	2.0
201	774	1.0
201	665	3.0
201	353	4.0
201	881	1.0
201	447	2.0
201	8	3.0
201	406	2.0
627	982	3.0
627	978	4.0
627	979	4.0
627	934	2.0
627	976	4.0
627	911	3.0
627	980	2.0
627	756	2.0
627	879	2.0
627	629	2.0
627	933	1.0
627	984	2.0
59	948	2.0
59	899	2.0
59	924	3.0
904	987	1.0
904	968	2.0
904	992	2.0
904	908	5.0
904	959	3.0
904	540	2.0
904	861	3.0
904	235	5.0
904	786	6.0
904	103	2.0
904	830	4.0
904	997	4.0
904	994	3.0
904	869	3.0
904	940	4.0
904	758	4.0
904	962	5.0
904	920	2.0
904	941	2.0
904	860	3.0
904	973	1.0
904	817	3.0
904	824	3.0
904	921	1.0
904	993	1.0
904	755	4.0
904	953	2.0
904	895	2.0
904	969	4.0
296	982	2.0
296	978	3.0
296	934	2.0
296	976	5.0
296	984	2.0
296	980	4.0
296	979	3.0
842	819	3.0
842	119	5.0
842	548	4.0
842	521	2.0
842	581	2.0
842	610	6.0
842	320	5.0
842	743	5.0
842	49	2.0
842	591	7.0
842	186	3.0
842	859	8.0
842	79	3.0
842	112	4.0
842	356	3.0
842	539	1.0
842	967	1.0
842	166	2.0
842	729	6.0
842	42	4.0
842	857	1.0
842	181	6.0
704	63	3.0
704	245	1.0
704	836	3.0
704	771	3.0
704	955	3.0
704	898	4.0
704	949	3.0
704	656	2.0
704	770	3.0
704	260	2.0
704	351	3.0
704	550	2.0
704	895	1.0
760	810	3.0
760	162	5.0
760	41	5.0
760	273	4.0
760	860	1.0
760	287	3.0
760	651	2.0
760	573	5.0
760	511	5.0
760	218	2.0
760	850	4.0
760	777	2.0
760	701	2.0
760	44	3.0
760	784	4.0
760	831	1.0
760	690	5.0
882	874	3.0
882	55	1.0
882	421	4.0
882	891	2.0
882	813	1.0
882	199	2.0
882	966	1.0
882	647	3.0
882	194	4.0
882	828	3.0
882	835	4.0
882	295	4.0
882	116	3.0
882	190	3.0
882	179	3.0
882	105	2.0
882	562	5.0
882	120	6.0
882	638	3.0
882	754	4.0
882	289	3.0
882	881	1.0
882	468	5.0
882	883	3.0
882	890	4.0
882	282	4.0
882	61	5.0
268	376	1.0
268	359	3.0
268	529	5.0
268	239	5.0
268	309	2.0
577	841	5.0
577	277	5.0
577	107	4.0
577	749	4.0
577	486	1.0
577	614	2.0
577	609	1.0
577	285	4.0
577	583	2.0
577	734	4.0
577	330	1.0
972	375	3.0
972	455	2.0
972	998	6.0
972	128	4.0
972	605	5.0
972	818	3.0
972	975	3.0
972	483	3.0
972	126	2.0
972	932	3.0
972	582	4.0
972	667	3.0
972	800	4.0
972	929	1.0
972	991	3.0
972	92	2.0
972	844	2.0
972	821	2.0
972	795	4.0
972	607	2.0
972	695	4.0
972	261	2.0
972	672	3.0
972	906	3.0
972	408	4.0
972	748	1.0
972	938	2.0
972	561	1.0
972	989	3.0
972	376	3.0
972	971	3.0
972	1000	2.0
972	996	3.0
972	163	2.0
281	36	4.0
281	759	1.0
281	358	3.0
281	9	1.0
281	606	1.0
281	43	4.0
281	205	2.0
281	524	4.0
281	779	2.0
693	761	2.0
693	739	3.0
693	222	5.0
693	544	5.0
693	654	4.0
693	207	4.0
693	714	4.0
693	17	3.0
693	169	4.0
693	193	5.0
693	809	2.0
693	580	4.0
693	537	5.0
693	640	4.0
693	593	1.0
693	259	2.0
614	841	5.0
614	932	1.0
614	265	4.0
614	749	5.0
614	285	4.0
614	812	3.0
614	121	5.0
614	583	2.0
614	734	4.0
614	107	3.0
308	383	4.0
308	750	1.0
308	396	2.0
308	712	5.0
308	682	3.0
308	10	9.0
308	748	6.0
73	636	3.0
73	733	3.0
73	873	5.0
73	834	4.0
73	721	1.0
73	814	2.0
656	691	1.0
656	955	3.0
656	595	1.0
656	535	2.0
656	754	1.0
656	949	2.0
656	927	2.0
656	770	2.0
656	836	2.0
656	549	1.0
656	550	2.0
656	809	4.0
656	898	2.0
656	863	2.0
526	936	2.0
526	956	5.0
526	523	1.0
526	944	3.0
526	858	5.0
526	386	5.0
526	823	3.0
526	818	5.0
526	773	3.0
526	857	3.0
526	957	2.0
267	322	5.0
267	910	7.0
267	669	1.0
267	878	6.0
267	634	3.0
267	884	4.0
267	822	3.0
283	491	1.0
283	978	4.0
283	982	4.0
283	934	2.0
283	976	2.0
283	984	3.0
283	980	1.0
283	979	2.0
481	36	2.0
481	581	2.0
481	597	5.0
481	671	1.0
481	723	3.0
481	991	2.0
481	725	5.0
481	43	2.0
481	779	3.0
481	524	3.0
329	759	6.0
329	902	4.0
329	960	1.0
329	743	1.0
329	426	5.0
329	918	5.0
329	915	5.0
329	950	3.0
91	967	3.0
91	974	5.0
91	952	6.0
91	981	3.0
611	833	3.0
611	300	6.0
611	210	3.0
611	74	3.0
611	909	1.0
611	341	1.0
611	914	2.0
611	732	2.0
611	802	3.0
611	893	3.0
992	601	5.0
992	641	4.0
992	994	2.0
992	908	7.0
992	860	2.0
992	968	1.0
992	786	3.0
992	629	4.0
992	830	2.0
992	997	2.0
992	569	2.0
992	225	3.0
992	869	3.0
992	940	3.0
992	110	2.0
992	824	2.0
992	921	3.0
992	181	3.0
992	895	4.0
992	969	5.0
992	987	3.0
992	185	3.0
992	492	1.0
992	742	4.0
992	865	2.0
992	979	1.0
992	861	2.0
992	756	2.0
992	531	3.0
992	755	4.0
992	758	4.0
992	953	4.0
992	920	4.0
992	941	2.0
992	959	1.0
992	553	2.0
992	973	4.0
992	817	2.0
992	914	1.0
992	801	3.0
992	993	5.0
992	962	5.0
450	7	5.0
450	347	3.0
450	87	1.0
450	379	4.0
450	631	3.0
450	447	5.0
450	774	3.0
450	665	5.0
450	362	3.0
706	324	2.0
706	177	1.0
706	856	1.0
706	674	1.0
706	744	1.0
706	497	1.0
706	960	1.0
706	922	1.0
706	894	3.0
706	926	2.0
706	699	2.0
706	928	2.0
706	399	2.0
706	917	2.0
706	876	2.0
668	636	1.0
668	902	1.0
668	336	4.0
668	834	2.0
668	354	4.0
668	846	2.0
668	171	4.0
668	510	6.0
668	111	1.0
668	331	1.0
668	820	5.0
668	790	4.0
668	873	4.0
668	814	4.0
177	922	2.0
177	324	2.0
177	876	2.0
177	926	3.0
177	859	1.0
177	917	2.0
993	5	2.0
993	601	3.0
993	641	1.0
993	230	1.0
993	908	1.0
993	860	1.0
993	968	5.0
993	994	3.0
993	629	4.0
993	830	1.0
993	997	4.0
993	569	6.0
993	869	1.0
993	940	3.0
993	356	3.0
993	817	1.0
993	824	4.0
993	921	3.0
993	1000	1.0
993	895	2.0
993	969	2.0
993	987	4.0
993	185	3.0
993	492	3.0
993	742	2.0
993	861	5.0
993	756	4.0
993	531	3.0
993	758	3.0
993	953	3.0
993	920	1.0
993	941	2.0
993	959	3.0
993	973	1.0
993	786	2.0
993	801	2.0
993	755	2.0
993	962	2.0
590	294	4.0
590	902	1.0
590	466	7.0
590	463	6.0
590	232	2.0
590	825	3.0
590	404	3.0
590	419	7.0
590	58	3.0
590	646	4.0
590	666	1.0
590	628	2.0
689	759	1.0
689	57	5.0
689	789	6.0
689	716	4.0
689	750	4.0
689	469	4.0
689	525	3.0
689	369	5.0
689	960	1.0
689	392	5.0
689	159	6.0
689	603	3.0
689	192	4.0
689	791	2.0
689	673	2.0
486	917	2.0
486	674	2.0
486	894	3.0
486	922	5.0
486	876	1.0
486	926	3.0
486	699	2.0
486	856	4.0
486	650	4.0
325	636	3.0
325	790	3.0
325	122	3.0
325	820	3.0
325	547	1.0
325	834	2.0
325	873	4.0
325	846	1.0
325	814	3.0
549	865	3.0
549	576	4.0
549	907	2.0
549	816	3.0
549	527	5.0
549	738	6.0
549	887	2.0
549	866	4.0
549	416	3.0
549	903	2.0
93	379	4.0
93	774	4.0
93	665	2.0
93	703	7.0
93	447	8.0
93	362	4.0
654	761	3.0
654	365	5.0
654	222	3.0
654	189	1.0
654	544	6.0
654	714	3.0
654	739	2.0
654	860	2.0
654	88	5.0
654	193	3.0
654	580	2.0
654	537	5.0
654	640	7.0
654	593	2.0
654	169	4.0
351	949	3.0
351	863	3.0
351	745	1.0
351	771	1.0
351	927	4.0
351	898	3.0
351	955	2.0
896	522	2.0
896	146	2.0
896	153	2.0
896	495	4.0
896	368	3.0
896	215	4.0
896	808	2.0
896	493	3.0
896	849	3.0
896	46	3.0
896	540	2.0
896	62	3.0
896	25	4.0
896	905	1.0
896	608	3.0
896	196	3.0
896	357	4.0
896	328	6.0
896	680	2.0
896	836	1.0
896	705	1.0
896	651	6.0
896	67	4.0
976	30	5.0
976	854	4.0
976	837	4.0
976	568	1.0
976	160	4.0
976	934	2.0
976	978	3.0
976	980	2.0
976	471	4.0
976	65	5.0
976	644	1.0
976	982	3.0
976	911	3.0
976	391	3.0
976	213	1.0
976	580	1.0
976	490	4.0
976	879	3.0
976	785	6.0
976	133	4.0
976	979	6.0
976	423	3.0
976	652	4.0
976	115	6.0
976	269	2.0
976	933	3.0
976	371	3.0
976	782	4.0
976	862	1.0
976	150	4.0
976	753	3.0
976	984	3.0
680	540	4.0
680	495	2.0
680	25	2.0
680	849	2.0
680	146	4.0
680	651	3.0
680	791	1.0
680	368	1.0
680	357	3.0
680	808	4.0
680	726	1.0
680	196	5.0
159	392	2.0
159	789	5.0
159	154	2.0
159	750	3.0
159	673	1.0
382	843	2.0
382	923	4.0
382	966	4.0
382	845	1.0
382	970	2.0
382	990	3.0
382	995	3.0
382	886	4.0
854	837	1.0
854	785	3.0
854	934	4.0
854	978	3.0
854	979	4.0
854	980	2.0
854	652	2.0
854	982	1.0
854	933	1.0
854	911	3.0
854	782	5.0
854	879	2.0
854	753	1.0
854	984	2.0
544	580	3.0
544	761	4.0
544	714	4.0
544	640	5.0
544	88	2.0
544	169	4.0
544	313	1.0
544	739	2.0
544	593	2.0
544	207	4.0
326	967	2.0
326	974	1.0
326	132	2.0
326	961	2.0
326	981	1.0
326	964	3.0
326	977	2.0
291	710	3.0
291	556	3.0
291	9	2.0
291	736	3.0
291	763	3.0
291	788	3.0
291	708	6.0
291	586	2.0
291	717	2.0
847	106	5.0
847	180	2.0
847	339	3.0
847	161	1.0
847	848	5.0
847	698	5.0
847	708	1.0
847	132	5.0
847	60	3.0
847	832	3.0
847	246	3.0
847	752	3.0
847	460	3.0
847	125	4.0
847	751	3.0
847	6	3.0
847	216	2.0
847	781	3.0
847	413	3.0
383	682	3.0
383	712	5.0
383	780	1.0
383	686	5.0
383	97	6.0
383	323	4.0
383	728	2.0
383	748	5.0
931	444	2.0
931	528	2.0
931	594	1.0
931	845	3.0
931	538	2.0
931	843	3.0
931	912	1.0
931	320	1.0
931	741	1.0
931	644	4.0
931	923	5.0
931	806	4.0
931	966	1.0
931	990	1.0
931	659	2.0
931	928	3.0
931	970	2.0
931	697	2.0
931	886	1.0
931	65	2.0
931	658	1.0
931	947	1.0
931	118	2.0
931	612	2.0
931	637	5.0
931	338	1.0
931	411	3.0
931	554	2.0
931	995	2.0
931	905	2.0
850	41	7.0
850	53	4.0
850	124	2.0
850	199	4.0
850	810	3.0
850	218	7.0
850	480	2.0
850	534	6.0
850	453	2.0
850	44	1.0
850	858	1.0
850	831	8.0
850	162	4.0
850	701	6.0
850	690	5.0
850	273	4.0
850	183	3.0
850	224	4.0
850	511	6.0
850	287	1.0
850	262	4.0
850	784	4.0
176	452	6.0
176	579	3.0
176	312	4.0
176	719	1.0
423	982	3.0
423	978	4.0
423	979	5.0
423	934	4.0
423	984	2.0
423	980	6.0
423	673	1.0
916	584	1.0
916	981	1.0
916	925	4.0
916	872	3.0
916	952	4.0
916	661	2.0
916	619	2.0
916	663	2.0
916	870	3.0
916	974	2.0
916	572	3.0
916	961	3.0
916	946	2.0
916	676	3.0
916	977	3.0
916	967	3.0
916	895	2.0
916	396	1.0
916	964	3.0
916	903	1.0
832	106	7.0
832	339	1.0
832	161	6.0
832	22	1.0
832	848	3.0
832	698	2.0
832	132	4.0
832	60	4.0
832	246	3.0
832	639	2.0
832	752	1.0
832	460	4.0
832	413	2.0
832	751	3.0
832	6	4.0
832	216	2.0
832	781	5.0
832	125	3.0
607	989	5.0
607	998	4.0
607	1000	1.0
607	971	4.0
607	991	2.0
607	852	1.0
607	932	2.0
607	927	1.0
607	938	2.0
607	975	2.0
607	996	5.0
605	989	1.0
605	998	4.0
605	364	1.0
605	1000	2.0
605	991	1.0
605	932	2.0
605	971	1.0
605	938	2.0
605	975	3.0
605	831	3.0
605	996	4.0
62	540	4.0
62	849	3.0
62	377	2.0
62	808	1.0
757	252	2.0
757	446	3.0
757	350	4.0
757	422	6.0
757	373	7.0
757	797	3.0
757	694	2.0
757	632	3.0
757	622	3.0
757	458	5.0
757	793	3.0
757	621	1.0
757	924	1.0
757	827	2.0
757	374	8.0
686	449	6.0
686	712	2.0
686	748	10.0
686	323	2.0
686	97	8.0
686	10	4.0
686	816	1.0
686	78	6.0
686	396	5.0
686	318	8.0
686	390	7.0
686	728	3.0
658	411	3.0
658	273	1.0
658	912	2.0
658	766	3.0
658	970	2.0
658	947	3.0
658	886	5.0
658	929	2.0
658	905	2.0
658	928	1.0
658	995	3.0
658	966	1.0
908	987	3.0
908	801	3.0
908	742	1.0
908	959	1.0
908	886	1.0
908	969	2.0
908	861	4.0
908	968	4.0
908	756	1.0
908	952	1.0
908	830	4.0
908	997	5.0
908	994	1.0
908	869	1.0
908	940	1.0
908	962	2.0
908	920	2.0
908	941	3.0
908	860	1.0
908	973	1.0
908	817	4.0
908	824	4.0
908	921	5.0
908	876	1.0
908	755	1.0
908	953	3.0
908	895	3.0
964	967	2.0
964	956	1.0
964	249	3.0
964	400	4.0
964	863	1.0
964	977	2.0
964	663	2.0
964	415	1.0
964	981	3.0
964	361	2.0
964	574	3.0
964	240	1.0
964	872	2.0
964	293	1.0
964	584	1.0
964	661	2.0
964	619	2.0
964	313	3.0
964	523	1.0
964	467	2.0
964	974	2.0
964	572	3.0
964	437	2.0
964	952	3.0
964	946	2.0
964	676	2.0
964	925	3.0
964	52	1.0
964	803	1.0
964	870	2.0
964	231	4.0
964	263	3.0
964	961	3.0
964	903	4.0
964	135	4.0
310	816	4.0
310	718	2.0
310	887	5.0
310	695	1.0
310	907	2.0
310	866	5.0
310	865	2.0
413	866	2.0
413	752	2.0
413	848	3.0
413	751	1.0
413	698	1.0
413	339	4.0
790	636	4.0
790	814	6.0
790	397	5.0
790	336	8.0
790	834	1.0
790	820	3.0
790	776	4.0
790	171	6.0
790	510	5.0
790	873	3.0
790	567	2.0
790	485	1.0
790	721	2.0
790	14	3.0
790	846	6.0
583	841	5.0
583	812	3.0
583	277	7.0
583	119	5.0
583	749	4.0
583	402	3.0
583	621	3.0
583	734	4.0
883	476	2.0
883	874	5.0
883	647	4.0
883	828	3.0
883	421	4.0
883	891	5.0
883	120	5.0
883	190	3.0
883	194	3.0
883	835	4.0
883	282	3.0
883	116	2.0
883	295	4.0
883	881	2.0
883	179	3.0
883	562	3.0
883	813	1.0
883	638	3.0
883	754	3.0
883	289	4.0
883	39	1.0
883	468	1.0
883	890	4.0
883	942	1.0
883	129	2.0
883	61	4.0
734	841	6.0
734	812	4.0
734	749	5.0
734	277	5.0
734	265	2.0
734	402	6.0
734	858	1.0
734	11	2.0
734	121	5.0
734	139	4.0
734	621	2.0
734	551	2.0
550	340	1.0
550	927	2.0
550	955	1.0
550	949	2.0
550	836	3.0
550	809	1.0
550	898	3.0
550	863	2.0
860	987	2.0
860	444	2.0
860	953	4.0
860	968	4.0
860	861	2.0
860	997	2.0
860	994	3.0
860	869	2.0
860	940	3.0
860	920	1.0
860	941	2.0
860	959	1.0
860	973	3.0
860	921	4.0
860	962	4.0
860	895	1.0
860	969	3.0
892	475	1.0
892	819	2.0
892	852	3.0
892	432	1.0
892	684	3.0
892	536	1.0
892	456	2.0
892	388	3.0
892	839	4.0
892	805	1.0
892	990	2.0
892	948	3.0
892	489	3.0
892	588	2.0
892	529	2.0
892	653	2.0
892	542	2.0
892	803	3.0
892	512	2.0
892	862	1.0
892	575	1.0
892	924	1.0
892	942	4.0
892	899	3.0
892	367	4.0
284	137	3.0
284	772	6.0
284	536	7.0
284	768	3.0
284	321	5.0
284	715	2.0
284	675	3.0
33	915	5.0
33	472	3.0
33	878	1.0
33	804	3.0
33	960	2.0
33	950	6.0
106	848	7.0
106	781	3.0
106	751	5.0
41	701	3.0
41	273	4.0
41	777	3.0
41	831	4.0
41	917	1.0
472	902	2.0
472	950	3.0
472	463	3.0
472	598	1.0
472	775	1.0
472	241	2.0
472	960	4.0
472	767	3.0
304	82	4.0
304	789	3.0
304	247	7.0
304	124	2.0
304	170	6.0
304	525	5.0
304	791	5.0
802	439	3.0
802	300	3.0
802	409	2.0
802	48	3.0
802	496	4.0
802	566	2.0
802	662	4.0
802	660	1.0
802	833	2.0
802	74	2.0
802	909	4.0
802	914	5.0
802	353	1.0
802	893	2.0
802	440	2.0
95	623	7.0
95	851	3.0
95	501	2.0
95	815	4.0
95	182	6.0
95	762	2.0
172	403	1.0
172	646	4.0
172	685	6.0
172	825	3.0
172	628	1.0
194	891	4.0
194	890	4.0
194	874	3.0
194	881	3.0
194	835	1.0
815	22	3.0
815	445	3.0
815	678	3.0
815	703	1.0
815	372	3.0
815	769	5.0
815	821	2.0
815	355	5.0
815	623	8.0
815	851	1.0
815	245	3.0
815	182	4.0
815	431	2.0
815	570	3.0
815	762	5.0
815	54	4.0
815	23	6.0
815	274	4.0
762	355	6.0
762	623	1.0
762	851	4.0
762	372	5.0
762	100	2.0
762	214	5.0
762	445	6.0
762	502	2.0
762	431	3.0
762	678	4.0
762	971	2.0
762	609	4.0
762	54	5.0
762	23	5.0
736	476	4.0
736	870	1.0
736	501	1.0
736	311	3.0
736	788	5.0
736	708	5.0
736	556	3.0
736	710	5.0
736	586	2.0
736	541	3.0
736	717	2.0
736	19	4.0
736	554	2.0
736	763	1.0
512	948	3.0
512	899	4.0
512	803	2.0
512	862	2.0
512	924	1.0
512	942	3.0
512	805	2.0
677	936	5.0
677	956	3.0
677	818	4.0
677	595	1.0
677	944	2.0
677	858	2.0
677	433	4.0
677	864	1.0
677	553	2.0
677	773	4.0
677	857	4.0
677	957	5.0
677	451	3.0
677	840	4.0
480	101	4.0
480	657	2.0
480	719	5.0
480	529	3.0
480	309	2.0
480	312	4.0
559	922	1.0
559	917	2.0
559	744	1.0
559	497	3.0
559	674	1.0
559	894	3.0
559	876	1.0
559	926	3.0
559	699	2.0
559	953	2.0
559	856	1.0
610	729	8.0
610	819	2.0
610	521	2.0
610	320	8.0
610	743	4.0
610	548	8.0
610	42	3.0
610	49	4.0
610	859	4.0
99	956	4.0
99	823	1.0
99	818	4.0
99	840	3.0
99	957	4.0
50	949	3.0
50	927	4.0
50	898	3.0
50	955	5.0
226	989	3.0
226	998	3.0
226	996	2.0
226	1000	3.0
226	845	2.0
226	975	3.0
226	991	4.0
45	812	3.0
45	841	3.0
45	127	2.0
45	330	2.0
45	228	1.0
45	925	1.0
632	252	3.0
632	997	2.0
632	446	2.0
632	350	2.0
632	780	3.0
632	694	2.0
632	797	2.0
632	622	2.0
632	737	3.0
632	827	5.0
944	936	2.0
944	639	3.0
944	956	1.0
944	840	4.0
944	342	4.0
944	664	2.0
944	487	4.0
944	818	3.0
944	648	2.0
944	227	2.0
944	255	1.0
944	433	2.0
944	366	2.0
944	823	6.0
944	773	8.0
944	519	1.0
944	858	2.0
944	477	2.0
944	500	7.0
944	20	2.0
944	340	4.0
944	217	2.0
944	237	3.0
944	11	1.0
944	864	3.0
944	553	2.0
944	957	7.0
944	395	3.0
944	857	4.0
944	387	4.0
944	451	4.0
944	779	1.0
944	558	3.0
137	772	4.0
137	536	5.0
137	820	2.0
137	675	4.0
570	623	4.0
570	851	3.0
570	372	4.0
570	100	5.0
570	445	5.0
570	678	3.0
570	609	4.0
570	755	1.0
570	769	5.0
548	819	3.0
548	683	2.0
548	119	5.0
548	186	7.0
548	539	2.0
548	521	7.0
548	729	5.0
548	859	5.0
548	591	4.0
893	439	2.0
893	300	4.0
893	108	3.0
893	592	1.0
893	341	1.0
893	410	3.0
893	103	4.0
893	660	3.0
893	593	2.0
893	833	2.0
893	789	1.0
893	210	2.0
893	86	3.0
893	496	4.0
893	301	2.0
893	276	3.0
893	909	1.0
893	732	6.0
893	914	2.0
893	662	6.0
893	337	4.0
429	915	3.0
429	918	1.0
429	77	2.0
429	292	3.0
429	960	4.0
429	950	4.0
429	767	5.0
451	639	2.0
451	936	3.0
451	864	3.0
451	823	4.0
451	818	5.0
451	348	2.0
451	956	3.0
451	957	3.0
237	956	4.0
237	667	3.0
237	823	2.0
237	840	1.0
237	957	5.0
628	294	4.0
628	190	2.0
628	149	4.0
628	307	3.0
628	404	1.0
628	666	2.0
628	266	3.0
628	479	4.0
628	504	4.0
628	178	1.0
918	902	4.0
918	292	5.0
918	775	3.0
918	977	2.0
918	197	3.0
918	715	1.0
918	776	2.0
918	380	3.0
918	315	3.0
918	960	3.0
918	726	3.0
918	915	3.0
918	241	6.0
918	889	1.0
918	134	4.0
918	426	2.0
918	195	4.0
918	204	1.0
918	767	4.0
918	759	2.0
918	418	2.0
918	804	3.0
918	174	2.0
918	443	2.0
918	950	3.0
592	833	2.0
592	150	2.0
592	496	1.0
592	215	2.0
592	566	3.0
592	914	3.0
592	909	2.0
515	764	2.0
515	792	8.0
515	664	6.0
515	910	4.0
515	884	1.0
515	878	5.0
515	235	5.0
515	889	4.0
515	822	7.0
160	982	2.0
160	978	2.0
160	984	4.0
160	980	3.0
160	979	2.0
962	987	2.0
962	492	2.0
962	941	3.0
962	921	3.0
962	742	2.0
962	569	1.0
962	959	4.0
962	968	3.0
962	969	3.0
962	861	2.0
962	786	3.0
962	700	1.0
962	629	2.0
962	830	5.0
962	997	1.0
962	531	3.0
962	994	4.0
962	869	3.0
962	940	4.0
962	758	2.0
962	920	1.0
962	601	4.0
962	467	1.0
962	973	1.0
962	817	2.0
962	824	2.0
962	801	2.0
962	876	1.0
962	756	2.0
962	755	4.0
962	953	1.0
962	895	1.0
613	764	4.0
613	352	5.0
613	910	3.0
613	884	2.0
613	792	2.0
613	669	3.0
613	630	2.0
613	889	3.0
613	713	5.0
613	822	4.0
968	987	4.0
968	941	3.0
968	531	8.0
968	921	4.0
968	230	2.0
968	742	5.0
968	569	3.0
968	959	5.0
968	969	2.0
968	861	1.0
968	786	2.0
968	164	2.0
968	830	5.0
968	997	2.0
968	110	4.0
968	994	4.0
968	869	1.0
968	940	2.0
968	758	2.0
968	920	1.0
968	601	5.0
968	301	4.0
968	973	1.0
968	817	2.0
968	824	3.0
968	801	3.0
968	756	4.0
968	755	1.0
968	953	2.0
968	895	1.0
357	368	1.0
357	466	3.0
357	808	2.0
357	493	7.0
357	196	3.0
300	833	2.0
300	915	2.0
300	909	2.0
300	914	6.0
300	566	3.0
823	936	2.0
823	639	2.0
823	956	2.0
823	818	6.0
823	648	2.0
823	957	1.0
823	773	2.0
823	202	3.0
823	500	2.0
823	217	1.0
823	477	4.0
823	864	4.0
823	553	1.0
823	857	4.0
823	840	2.0
823	824	3.0
723	131	5.0
723	43	1.0
723	205	3.0
723	2	6.0
723	581	2.0
723	317	2.0
723	164	1.0
723	671	2.0
723	606	1.0
723	597	2.0
723	1	3.0
723	545	2.0
723	779	2.0
723	725	3.0
773	500	4.0
773	639	2.0
773	936	4.0
773	840	4.0
773	487	2.0
773	648	2.0
773	956	3.0
773	858	3.0
773	477	4.0
773	864	3.0
773	957	2.0
773	857	1.0
773	387	5.0
773	822	2.0
79	946	2.0
79	859	3.0
79	819	1.0
774	7	2.0
774	379	7.0
774	703	5.0
774	149	3.0
774	8	3.0
774	13	5.0
774	347	3.0
774	631	5.0
774	665	3.0
774	353	5.0
774	32	3.0
774	447	3.0
774	406	4.0
774	362	4.0
501	785	2.0
501	708	4.0
501	586	2.0
501	717	1.0
501	556	4.0
501	788	3.0
547	236	3.0
547	503	6.0
547	21	3.0
547	264	4.0
547	18	3.0
547	772	6.0
547	536	6.0
547	768	4.0
547	206	5.0
547	675	3.0
547	270	4.0
750	789	4.0
750	716	6.0
750	154	4.0
750	170	4.0
750	469	4.0
750	369	2.0
750	247	4.0
750	603	3.0
750	192	3.0
750	938	1.0
750	791	4.0
750	673	3.0
840	936	4.0
840	956	1.0
840	818	2.0
840	648	5.0
840	387	4.0
840	858	2.0
840	386	3.0
840	366	6.0
840	957	4.0
840	340	1.0
840	806	1.0
840	477	2.0
840	864	2.0
840	553	5.0
840	857	1.0
840	459	1.0
502	513	3.0
502	722	7.0
502	740	5.0
502	643	3.0
502	798	6.0
502	520	4.0
502	727	3.0
502	745	8.0
502	642	2.0
502	709	4.0
330	841	4.0
330	621	3.0
330	749	2.0
330	121	5.0
330	311	2.0
331	820	2.0
331	733	4.0
331	510	3.0
331	873	1.0
331	567	3.0
331	834	1.0
331	163	1.0
331	814	2.0
353	379	5.0
353	703	1.0
353	447	6.0
353	8	3.0
353	406	3.0
738	184	6.0
738	865	4.0
738	683	2.0
738	576	5.0
738	907	5.0
738	335	4.0
738	560	1.0
738	525	2.0
738	816	2.0
738	414	4.0
738	718	5.0
738	887	3.0
738	527	2.0
738	705	2.0
738	957	1.0
738	866	2.0
447	347	6.0
447	362	3.0
447	703	4.0
447	631	3.0
447	130	5.0
447	13	5.0
634	764	6.0
634	889	5.0
634	352	5.0
634	905	1.0
634	878	8.0
634	884	4.0
634	322	3.0
634	910	3.0
634	475	3.0
634	730	4.0
634	792	3.0
634	488	6.0
634	822	6.0
716	82	2.0
716	57	4.0
716	789	1.0
716	154	5.0
716	170	4.0
716	469	1.0
716	525	3.0
716	247	1.0
716	603	3.0
716	192	4.0
716	791	2.0
716	673	2.0
907	184	3.0
907	56	2.0
907	683	2.0
907	761	1.0
907	576	3.0
907	4	3.0
907	560	1.0
907	414	3.0
907	718	4.0
907	416	2.0
907	470	4.0
907	865	2.0
907	701	2.0
907	335	5.0
907	816	1.0
907	543	3.0
907	15	2.0
907	527	1.0
907	370	2.0
907	705	2.0
907	681	2.0
907	866	3.0
907	887	2.0
468	891	2.0
468	96	3.0
468	828	3.0
468	890	2.0
468	874	3.0
468	813	3.0
468	881	2.0
468	835	3.0
161	752	2.0
161	848	3.0
161	276	2.0
161	751	3.0
884	792	6.0
884	664	7.0
884	156	4.0
884	602	8.0
884	227	4.0
884	322	3.0
884	630	2.0
884	730	5.0
884	821	3.0
884	488	3.0
884	822	3.0
884	764	3.0
884	889	2.0
884	297	4.0
884	420	1.0
884	878	6.0
884	85	3.0
884	910	5.0
884	947	2.0
884	360	7.0
884	96	4.0
932	998	3.0
932	1000	3.0
932	975	2.0
932	906	2.0
932	582	3.0
932	667	3.0
932	929	2.0
932	991	2.0
932	795	3.0
932	754	1.0
932	821	4.0
932	109	1.0
932	695	3.0
932	408	2.0
932	672	4.0
932	938	3.0
932	561	1.0
932	989	3.0
932	971	3.0
932	646	1.0
932	532	3.0
932	996	2.0
932	800	4.0
932	844	5.0
744	926	2.0
744	35	3.0
744	876	1.0
744	922	1.0
744	258	2.0
744	856	5.0
744	491	1.0
744	674	2.0
744	612	1.0
744	894	2.0
744	699	2.0
744	996	1.0
744	917	2.0
744	650	3.0
320	743	3.0
320	859	6.0
320	819	6.0
320	181	7.0
115	392	1.0
115	978	4.0
115	984	4.0
115	980	6.0
420	764	4.0
420	792	7.0
420	87	5.0
420	878	2.0
420	889	4.0
420	517	2.0
874	55	6.0
874	828	2.0
874	421	2.0
874	891	1.0
874	813	5.0
874	647	2.0
874	835	5.0
874	295	5.0
874	116	5.0
874	282	5.0
874	190	5.0
874	179	2.0
874	105	4.0
874	562	7.0
874	120	2.0
874	638	5.0
874	754	3.0
874	289	6.0
874	881	5.0
874	890	4.0
874	129	2.0
874	61	5.0
805	653	2.0
805	899	3.0
805	852	2.0
805	684	3.0
805	604	1.0
805	145	1.0
805	839	4.0
805	725	4.0
805	948	3.0
805	489	3.0
805	588	1.0
805	803	1.0
805	862	3.0
805	924	1.0
805	942	1.0
805	814	1.0
46	849	1.0
46	328	2.0
46	808	1.0
46	67	1.0
990	444	2.0
990	438	6.0
990	528	4.0
990	519	1.0
990	251	1.0
990	594	4.0
990	538	2.0
990	659	3.0
990	923	5.0
990	777	1.0
990	644	5.0
990	806	1.0
990	191	3.0
990	571	3.0
990	970	3.0
990	697	3.0
990	141	2.0
990	995	1.0
990	766	6.0
990	612	4.0
990	845	4.0
990	928	2.0
990	905	3.0
990	136	2.0
990	338	2.0
990	843	1.0
990	912	3.0
990	741	4.0
990	234	3.0
990	886	3.0
990	405	4.0
990	411	2.0
990	966	6.0
990	554	2.0
990	948	2.0
990	947	3.0
990	123	2.0
990	187	2.0
421	891	1.0
421	828	3.0
421	890	4.0
421	994	1.0
421	881	3.0
421	835	4.0
758	987	2.0
758	899	1.0
758	953	4.0
758	920	3.0
758	941	6.0
758	997	3.0
758	959	4.0
758	973	4.0
758	940	2.0
758	994	3.0
758	969	2.0
150	982	3.0
150	980	4.0
150	984	3.0
150	978	4.0
601	987	4.0
601	994	1.0
601	959	3.0
601	973	2.0
601	873	1.0
601	997	4.0
601	895	3.0
601	969	4.0
542	948	2.0
542	899	2.0
542	839	2.0
542	862	2.0
542	852	3.0
542	674	3.0
542	90	5.0
542	924	2.0
542	942	3.0
301	660	3.0
301	909	1.0
276	833	1.0
276	909	2.0
276	914	4.0
276	440	3.0
276	108	1.0
153	540	5.0
153	849	2.0
153	608	5.0
153	981	1.0
533	364	4.0
533	253	2.0
533	702	4.0
533	198	2.0
533	765	3.0
533	143	1.0
533	700	4.0
533	657	3.0
533	102	4.0
533	578	3.0
533	545	5.0
574	974	2.0
574	302	1.0
574	742	2.0
574	961	2.0
574	946	1.0
574	981	1.0
574	925	2.0
574	977	2.0
574	967	4.0
574	952	2.0
252	839	1.0
252	737	1.0
252	780	2.0
252	387	1.0
252	797	4.0
252	793	4.0
96	669	7.0
96	664	4.0
96	730	4.0
206	173	6.0
206	507	5.0
206	772	6.0
206	768	4.0
206	675	6.0
206	681	2.0
920	987	3.0
920	978	2.0
920	801	3.0
920	959	4.0
920	861	1.0
920	756	4.0
920	517	2.0
920	952	3.0
920	830	1.0
920	997	4.0
920	994	5.0
920	869	3.0
920	940	6.0
920	953	2.0
920	941	1.0
920	973	3.0
920	817	2.0
920	824	2.0
920	921	3.0
920	969	2.0
920	895	3.0
456	948	1.0
456	899	1.0
456	942	1.0
456	929	3.0
456	862	4.0
456	839	4.0
456	852	4.0
37	419	5.0
37	646	1.0
37	463	3.0
37	666	6.0
37	825	3.0
37	504	6.0
827	374	4.0
827	458	3.0
827	446	1.0
827	77	4.0
827	385	4.0
827	64	1.0
827	622	3.0
827	740	2.0
827	673	2.0
827	780	3.0
827	350	4.0
827	373	3.0
827	797	3.0
827	694	6.0
827	793	3.0
827	229	5.0
827	737	4.0
56	816	2.0
56	718	4.0
56	887	6.0
56	865	3.0
180	989	4.0
180	971	3.0
180	998	6.0
180	996	2.0
180	1000	6.0
180	975	1.0
180	991	2.0
766	843	3.0
766	405	3.0
766	966	1.0
766	923	1.0
766	970	3.0
766	995	4.0
766	947	7.0
766	905	2.0
766	741	4.0
766	338	2.0
766	928	4.0
766	554	6.0
766	806	1.0
766	123	2.0
766	974	1.0
813	647	2.0
813	828	3.0
813	891	4.0
813	562	1.0
813	638	2.0
813	835	2.0
813	890	2.0
813	808	1.0
813	754	3.0
813	975	1.0
813	881	5.0
648	936	3.0
648	956	2.0
648	251	1.0
648	818	4.0
648	819	2.0
648	858	1.0
648	477	5.0
648	395	3.0
648	857	3.0
648	957	2.0
469	392	2.0
469	27	1.0
469	789	4.0
469	603	1.0
469	369	6.0
469	791	5.0
810	53	4.0
810	124	2.0
810	534	2.0
810	777	3.0
810	866	1.0
810	453	3.0
810	44	4.0
810	701	3.0
810	690	3.0
810	273	3.0
810	287	2.0
810	856	1.0
810	573	2.0
810	511	4.0
810	199	2.0
810	831	4.0
810	784	3.0
714	761	4.0
714	365	2.0
714	222	3.0
714	348	3.0
714	739	4.0
714	700	1.0
714	169	3.0
714	193	10.0
714	804	1.0
714	580	3.0
714	537	1.0
714	640	3.0
714	593	2.0
714	207	3.0
240	967	2.0
240	974	3.0
240	981	2.0
240	537	1.0
240	977	3.0
71	765	4.0
71	645	3.0
71	155	2.0
71	545	2.0
328	849	3.0
328	53	2.0
328	808	3.0
328	608	2.0
743	112	2.0
743	819	7.0
743	356	7.0
743	539	3.0
743	521	2.0
743	729	3.0
743	166	5.0
743	49	3.0
743	591	5.0
743	859	7.0
534	701	2.0
534	690	5.0
534	573	4.0
534	218	4.0
534	777	4.0
534	831	1.0
534	453	4.0
534	784	2.0
103	909	3.0
103	914	1.0
103	660	3.0
569	987	2.0
569	973	2.0
569	959	3.0
569	496	2.0
569	997	1.0
569	994	4.0
529	239	2.0
529	309	3.0
529	452	5.0
529	719	6.0
75	825	3.0
75	466	2.0
75	685	2.0
75	479	3.0
75	504	3.0
228	812	3.0
228	317	1.0
228	749	5.0
228	841	2.0
228	139	1.0
228	621	3.0
109	967	3.0
109	974	3.0
109	961	2.0
109	981	3.0
849	495	4.0
849	146	6.0
849	368	3.0
849	215	3.0
849	961	1.0
849	493	3.0
849	25	5.0
849	608	3.0
849	933	2.0
849	196	3.0
849	717	1.0
849	651	3.0
849	67	3.0
849	808	2.0
849	219	5.0
849	522	2.0
922	5	2.0
922	876	2.0
922	305	2.0
922	258	2.0
922	144	1.0
922	412	2.0
922	505	3.0
922	650	3.0
922	926	3.0
922	35	5.0
922	377	5.0
922	324	5.0
922	917	2.0
922	163	1.0
922	130	3.0
922	694	2.0
922	491	2.0
922	233	2.0
922	894	2.0
922	699	2.0
922	399	3.0
922	856	4.0
922	67	1.0
30	982	4.0
30	980	2.0
30	984	3.0
30	979	2.0
204	902	4.0
204	915	2.0
204	960	3.0
204	598	1.0
204	950	4.0
204	726	2.0
179	891	6.0
179	890	2.0
179	298	2.0
179	881	4.0
287	599	2.0
287	701	4.0
287	573	6.0
287	690	4.0
771	191	1.0
771	633	2.0
771	863	2.0
771	76	3.0
771	441	4.0
771	977	2.0
771	151	6.0
771	595	3.0
771	927	2.0
771	955	3.0
771	949	5.0
771	770	2.0
771	259	2.0
771	809	2.0
771	626	2.0
511	162	2.0
511	124	2.0
511	777	1.0
511	938	1.0
511	183	4.0
511	199	3.0
511	453	5.0
511	262	2.0
511	831	2.0
911	837	2.0
911	785	3.0
911	934	3.0
911	733	2.0
911	980	2.0
911	652	2.0
911	984	1.0
911	978	1.0
911	979	2.0
911	982	5.0
911	933	3.0
911	782	2.0
911	801	3.0
911	568	3.0
911	753	5.0
911	879	3.0
864	936	5.0
864	956	2.0
864	487	3.0
864	818	7.0
864	858	3.0
864	433	3.0
864	663	1.0
864	202	3.0
864	639	2.0
864	982	1.0
864	340	4.0
864	217	2.0
864	477	4.0
864	553	1.0
864	957	3.0
864	857	3.0
864	387	3.0
864	558	3.0
338	966	2.0
338	905	1.0
338	970	6.0
338	460	1.0
338	995	3.0
263	967	2.0
263	952	3.0
263	961	2.0
263	981	5.0
263	977	3.0
168	239	3.0
168	719	2.0
168	558	2.0
374	622	4.0
374	797	3.0
374	737	8.0
374	793	2.0
374	780	3.0
374	694	3.0
337	833	4.0
337	909	2.0
337	914	2.0
682	449	6.0
682	712	3.0
682	728	3.0
682	323	3.0
682	748	4.0
682	318	3.0
682	10	5.0
682	78	6.0
682	586	2.0
682	396	5.0
682	390	5.0
682	709	1.0
122	873	5.0
122	820	4.0
122	834	4.0
122	846	2.0
122	814	4.0
869	987	1.0
869	355	2.0
869	959	2.0
869	861	2.0
869	830	4.0
869	997	1.0
869	994	2.0
869	764	1.0
869	294	1.0
869	940	4.0
869	953	1.0
869	941	2.0
869	973	1.0
869	921	1.0
869	895	3.0
869	969	1.0
785	982	2.0
785	978	3.0
785	753	1.0
785	837	5.0
785	76	1.0
785	933	2.0
785	858	2.0
785	980	2.0
785	979	5.0
785	782	3.0
785	879	5.0
785	934	3.0
785	984	3.0
348	761	4.0
348	537	2.0
348	193	3.0
348	961	3.0
348	580	1.0
348	593	5.0
348	739	3.0
981	135	5.0
981	400	2.0
981	834	1.0
981	361	4.0
981	765	2.0
981	584	3.0
981	661	1.0
981	619	2.0
981	140	1.0
981	467	3.0
981	572	1.0
981	977	1.0
981	967	2.0
981	870	3.0
981	231	3.0
981	903	3.0
981	249	3.0
981	663	1.0
981	872	2.0
981	415	1.0
981	293	3.0
981	523	2.0
981	313	2.0
981	974	1.0
981	437	4.0
981	952	2.0
981	946	2.0
981	676	2.0
981	925	3.0
981	274	2.0
981	961	2.0
981	52	2.0
483	989	2.0
483	971	2.0
483	998	1.0
483	471	1.0
483	1000	1.0
483	975	3.0
483	991	4.0
483	938	2.0
483	996	3.0
322	764	4.0
322	910	3.0
322	878	2.0
322	713	5.0
414	816	1.0
414	865	2.0
414	683	3.0
414	887	3.0
414	370	3.0
851	979	3.0
851	214	3.0
851	22	6.0
851	445	2.0
851	678	4.0
851	39	1.0
851	355	2.0
851	623	1.0
851	372	3.0
851	100	3.0
851	431	2.0
851	609	2.0
851	599	1.0
851	969	2.0
851	54	2.0
851	769	3.0
851	23	4.0
851	274	2.0
737	446	3.0
737	230	3.0
737	385	3.0
737	229	5.0
737	793	2.0
737	797	4.0
737	622	4.0
737	458	3.0
737	422	4.0
924	647	2.0
924	388	3.0
924	653	2.0
924	852	2.0
924	432	2.0
924	684	4.0
924	90	1.0
924	604	2.0
924	344	3.0
924	145	4.0
924	839	2.0
924	314	3.0
924	909	1.0
924	489	3.0
924	302	4.0
924	803	1.0
924	812	1.0
924	862	2.0
924	575	3.0
924	948	3.0
924	942	2.0
924	899	2.0
924	367	1.0
768	173	3.0
768	507	4.0
768	27	2.0
768	321	3.0
768	21	3.0
768	214	1.0
768	264	4.0
768	675	5.0
768	69	5.0
768	18	3.0
768	503	5.0
768	536	4.0
768	879	2.0
768	772	5.0
768	270	1.0
578	155	3.0
578	657	10.0
578	702	2.0
578	198	5.0
578	765	4.0
578	700	5.0
578	545	3.0
218	599	4.0
218	777	6.0
218	831	5.0
218	573	7.0
218	690	5.0
390	449	8.0
390	712	6.0
390	318	5.0
390	748	8.0
390	728	4.0
598	902	5.0
598	915	2.0
598	960	3.0
598	31	4.0
598	879	1.0
598	726	4.0
598	950	4.0
598	775	4.0
833	409	2.0
833	104	1.0
833	341	2.0
833	662	1.0
833	660	1.0
833	210	7.0
833	496	3.0
833	909	4.0
833	732	1.0
833	914	1.0
833	440	3.0
399	926	2.0
399	876	1.0
399	894	6.0
399	856	2.0
399	917	1.0
399	650	3.0
20	936	3.0
20	956	1.0
20	957	4.0
20	857	4.0
20	858	4.0
277	841	4.0
277	621	8.0
277	749	4.0
277	551	3.0
210	732	5.0
210	914	3.0
719	359	5.0
719	837	2.0
719	579	3.0
719	309	2.0
719	452	3.0
719	239	3.0
719	997	2.0
719	312	2.0
130	894	2.0
130	876	2.0
130	505	2.0
130	926	2.0
130	917	1.0
9	671	4.0
9	1	4.0
9	725	4.0
9	779	3.0
9	524	5.0
595	158	5.0
595	436	4.0
595	633	6.0
595	863	2.0
595	949	2.0
595	955	4.0
595	927	1.0
595	898	1.0
397	636	4.0
397	873	2.0
397	959	1.0
397	820	1.0
397	834	3.0
397	14	2.0
397	846	1.0
215	808	2.0
215	651	4.0
215	219	3.0
597	222	4.0
597	941	5.0
597	205	4.0
597	524	5.0
597	2	3.0
597	581	2.0
597	671	5.0
597	606	3.0
597	779	3.0
597	725	3.0
42	729	6.0
42	819	7.0
42	859	2.0
174	915	4.0
174	960	5.0
174	775	6.0
174	950	5.0
174	776	2.0
174	187	2.0
713	764	3.0
713	792	2.0
713	910	3.0
713	602	4.0
713	991	2.0
713	878	4.0
713	765	1.0
713	669	4.0
713	517	3.0
713	630	3.0
713	360	3.0
713	889	1.0
713	83	5.0
713	822	5.0
551	841	3.0
551	749	1.0
551	402	2.0
551	812	4.0
551	31	2.0
551	730	3.0
551	621	4.0
551	127	3.0
978	934	2.0
978	879	5.0
978	837	4.0
978	568	4.0
978	258	1.0
978	980	1.0
978	471	5.0
978	70	3.0
978	982	2.0
978	238	2.0
978	391	3.0
978	213	1.0
978	490	4.0
978	133	3.0
978	979	4.0
978	652	3.0
978	65	2.0
978	269	3.0
978	933	3.0
978	371	3.0
978	782	2.0
978	753	2.0
978	984	1.0
631	379	6.0
631	703	4.0
631	961	2.0
631	8	4.0
631	347	4.0
631	665	4.0
631	13	4.0
631	406	4.0
631	362	3.0
365	17	5.0
365	942	2.0
365	761	2.0
365	193	6.0
365	189	1.0
365	88	3.0
365	739	4.0
641	764	1.0
641	940	4.0
641	959	5.0
641	973	1.0
641	987	3.0
641	997	5.0
641	953	3.0
641	994	1.0
641	969	2.0
664	792	8.0
664	878	4.0
664	602	5.0
664	910	7.0
664	669	1.0
664	630	2.0
664	360	4.0
664	889	7.0
5	377	3.0
5	876	2.0
5	926	2.0
5	917	3.0
923	444	3.0
923	438	3.0
923	528	3.0
923	845	1.0
923	205	1.0
923	950	2.0
923	843	3.0
923	912	4.0
923	741	3.0
923	644	3.0
923	806	1.0
923	191	3.0
923	571	2.0
923	659	1.0
923	966	2.0
923	970	2.0
923	697	4.0
923	947	3.0
923	886	2.0
923	995	1.0
923	841	1.0
923	905	2.0
923	637	2.0
923	928	3.0
923	554	1.0
923	123	5.0
923	187	3.0
522	495	3.0
522	25	3.0
522	196	4.0
522	219	5.0
522	859	2.0
522	110	2.0
87	764	6.0
87	910	3.0
87	878	5.0
305	894	2.0
305	926	2.0
305	856	1.0
305	917	6.0
305	650	4.0
777	162	5.0
777	53	4.0
777	183	4.0
777	573	2.0
777	599	5.0
777	199	2.0
777	844	2.0
777	453	4.0
777	44	4.0
777	784	4.0
777	800	2.0
777	831	6.0
360	936	3.0
360	889	5.0
360	910	5.0
360	822	3.0
360	602	4.0
202	936	2.0
202	956	2.0
202	957	3.0
202	858	3.0
191	928	4.0
191	966	2.0
191	995	4.0
191	806	3.0
764	889	3.0
764	910	6.0
764	878	3.0
764	669	6.0
764	792	5.0
764	730	3.0
764	83	3.0
764	517	6.0
52	865	1.0
52	974	3.0
52	977	2.0
940	987	4.0
940	742	1.0
940	959	4.0
940	969	2.0
940	861	3.0
940	786	5.0
940	756	4.0
940	989	6.0
940	830	4.0
940	997	5.0
940	994	5.0
940	941	3.0
940	973	1.0
940	817	5.0
940	732	1.0
940	824	7.0
940	921	2.0
940	755	3.0
940	953	2.0
940	801	1.0
940	895	3.0
690	53	5.0
690	701	5.0
690	273	6.0
690	573	4.0
690	599	1.0
690	262	1.0
690	831	5.0
487	936	3.0
487	386	4.0
487	1000	1.0
487	395	3.0
487	102	2.0
487	956	3.0
487	957	6.0
392	789	3.0
392	603	3.0
392	525	3.0
392	791	1.0
170	57	2.0
170	792	1.0
170	192	3.0
170	791	4.0
856	412	2.0
856	848	1.0
856	843	2.0
856	926	1.0
856	876	2.0
856	35	2.0
856	377	5.0
856	505	5.0
856	497	1.0
856	491	1.0
856	674	1.0
856	894	2.0
856	233	2.0
856	699	1.0
238	982	2.0
238	980	1.0
238	984	3.0
238	925	1.0
238	979	5.0
835	647	4.0
835	828	5.0
835	891	4.0
835	998	1.0
835	881	2.0
835	295	10.0
835	562	5.0
835	638	10.0
835	754	6.0
835	289	1.0
835	890	2.0
835	282	5.0
816	335	8.0
816	683	2.0
816	576	1.0
816	4	5.0
816	560	3.0
816	581	2.0
816	866	5.0
816	718	3.0
816	416	6.0
816	865	3.0
816	470	3.0
816	543	2.0
816	15	2.0
816	887	3.0
816	681	3.0
599	53	2.0
599	273	2.0
599	573	3.0
599	262	2.0
599	831	4.0
599	784	2.0
637	995	2.0
637	845	3.0
637	970	2.0
637	947	3.0
637	285	1.0
637	309	2.0
637	886	1.0
637	741	2.0
637	928	2.0
637	806	3.0
1000	128	1.0
1000	975	2.0
1000	408	3.0
1000	996	2.0
1000	92	2.0
1000	998	3.0
1000	795	1.0
1000	910	3.0
1000	672	3.0
1000	223	4.0
1000	938	3.0
1000	376	2.0
1000	800	2.0
1000	844	1.0
1000	375	3.0
1000	455	1.0
1000	117	1.0
1000	126	2.0
1000	582	2.0
1000	667	2.0
1000	929	2.0
1000	821	5.0
1000	695	1.0
1000	261	2.0
1000	906	5.0
1000	991	2.0
1000	561	2.0
1000	989	1.0
1000	971	1.0
1000	147	5.0
1000	532	2.0
1000	163	2.0
192	789	6.0
192	525	4.0
192	791	2.0
580	222	4.0
580	189	4.0
580	739	6.0
580	366	2.0
580	537	6.0
580	640	2.0
580	761	2.0
781	848	2.0
781	752	2.0
781	125	5.0
781	729	3.0
781	698	7.0
781	751	4.0
781	132	4.0
781	60	3.0
781	216	4.0
781	460	5.0
781	246	5.0
129	891	3.0
129	890	2.0
129	881	3.0
895	987	2.0
895	801	2.0
895	941	1.0
895	959	1.0
895	861	4.0
895	997	5.0
895	830	5.0
895	994	3.0
895	973	3.0
895	817	5.0
895	824	2.0
895	921	2.0
895	969	4.0
895	953	4.0
82	791	2.0
82	525	4.0
82	425	3.0
185	987	5.0
185	997	4.0
185	953	3.0
185	969	5.0
455	989	3.0
455	971	2.0
455	386	2.0
455	998	2.0
455	996	2.0
455	975	1.0
455	991	2.0
415	967	1.0
415	974	1.0
415	952	1.0
415	961	2.0
415	977	5.0
863	63	2.0
863	158	2.0
863	441	4.0
863	535	4.0
863	955	1.0
863	403	2.0
863	622	1.0
863	188	2.0
863	626	3.0
863	633	2.0
863	691	4.0
863	927	3.0
863	989	1.0
863	949	2.0
863	898	1.0
863	836	1.0
863	770	2.0
336	733	6.0
336	873	6.0
336	820	5.0
336	846	3.0
336	721	4.0
336	814	3.0
156	297	1.0
156	792	1.0
156	630	2.0
156	541	1.0
156	910	4.0
156	889	2.0
260	949	1.0
260	836	4.0
260	809	4.0
260	927	3.0
260	898	1.0
260	955	3.0
722	7	2.0
722	565	2.0
722	513	5.0
722	643	4.0
722	425	6.0
722	948	1.0
722	143	3.0
722	709	5.0
722	740	5.0
722	298	3.0
722	642	6.0
745	798	1.0
745	565	5.0
745	513	1.0
745	712	3.0
745	68	2.0
745	740	4.0
745	643	4.0
745	709	1.0
745	425	7.0
745	143	5.0
745	167	4.0
745	520	1.0
745	298	4.0
748	449	2.0
748	712	4.0
748	97	5.0
748	78	6.0
748	396	3.0
748	606	1.0
748	318	2.0
748	728	6.0
471	980	2.0
471	982	2.0
471	934	2.0
471	933	2.0
471	984	4.0
471	979	3.0
966	444	1.0
966	995	2.0
966	697	3.0
966	741	2.0
966	845	2.0
966	538	4.0
966	928	1.0
966	659	2.0
966	912	1.0
966	843	3.0
966	169	2.0
966	251	4.0
966	644	4.0
966	234	2.0
966	571	2.0
966	405	2.0
966	157	2.0
966	905	2.0
966	703	1.0
966	947	3.0
966	528	2.0
966	886	2.0
966	806	3.0
966	141	3.0
966	612	1.0
966	411	4.0
966	970	1.0
966	123	5.0
966	187	3.0
669	792	6.0
669	579	1.0
669	431	1.0
669	878	4.0
669	910	4.0
669	517	3.0
669	889	5.0
669	822	1.0
466	666	3.0
466	825	3.0
466	646	3.0
466	463	4.0
466	266	2.0
466	685	3.0
466	114	5.0
178	419	3.0
178	439	2.0
178	646	2.0
178	685	4.0
178	825	5.0
193	761	2.0
193	189	5.0
193	640	2.0
405	843	5.0
405	995	3.0
405	970	2.0
405	928	6.0
405	947	2.0
245	623	5.0
245	769	2.0
245	23	3.0
245	609	7.0
691	436	4.0
691	633	6.0
691	949	2.0
691	955	2.0
691	927	3.0
691	770	2.0
691	974	1.0
691	836	3.0
691	51	1.0
691	809	3.0
691	898	3.0
691	626	3.0
134	915	5.0
134	960	2.0
134	715	2.0
134	950	2.0
134	726	1.0
83	910	5.0
83	792	1.0
83	878	1.0
83	898	1.0
323	728	1.0
323	358	2.0
323	97	5.0
323	396	5.0
195	915	2.0
195	960	3.0
195	804	2.0
195	950	2.0
195	776	3.0
195	767	2.0
181	819	4.0
181	591	4.0
181	859	9.0
507	503	4.0
507	264	3.0
507	69	4.0
507	772	2.0
507	536	4.0
507	817	2.0
507	270	7.0
887	470	3.0
887	184	5.0
887	683	2.0
887	576	3.0
887	560	2.0
887	718	4.0
887	814	3.0
887	416	3.0
887	15	2.0
887	865	1.0
887	232	2.0
887	335	5.0
887	917	2.0
887	543	1.0
887	527	2.0
887	705	7.0
887	681	4.0
887	866	3.0
873	636	2.0
873	733	3.0
873	834	4.0
873	104	3.0
873	171	1.0
873	510	4.0
873	111	2.0
873	820	6.0
873	839	1.0
873	846	4.0
873	354	2.0
873	14	2.0
873	814	3.0
873	567	2.0
873	485	3.0
873	721	2.0
362	503	1.0
63	949	1.0
63	633	2.0
63	942	1.0
63	955	2.0
63	898	3.0
772	173	7.0
772	503	4.0
772	890	1.0
772	264	2.0
772	236	3.0
772	675	3.0
772	69	6.0
772	18	4.0
772	536	3.0
772	646	1.0
772	270	5.0
998	128	2.0
998	408	1.0
998	996	1.0
998	92	4.0
998	795	3.0
998	672	3.0
998	223	6.0
998	938	2.0
998	376	2.0
998	808	1.0
998	800	3.0
998	844	2.0
998	375	4.0
998	117	3.0
998	126	4.0
998	582	4.0
998	667	2.0
998	929	3.0
998	821	1.0
998	695	2.0
998	261	5.0
998	975	2.0
998	906	2.0
998	991	3.0
998	561	1.0
998	989	3.0
998	971	4.0
998	147	5.0
998	532	4.0
998	603	2.0
998	163	1.0
463	58	4.0
463	112	2.0
463	825	4.0
463	504	5.0
463	419	4.0
197	960	1.0
197	804	2.0
197	950	6.0
197	776	2.0
197	767	3.0
538	886	2.0
538	970	3.0
538	995	1.0
538	659	1.0
538	912	4.0
538	821	2.0
538	234	4.0
425	798	6.0
425	565	2.0
425	513	6.0
425	298	2.0
425	709	2.0
536	173	6.0
536	503	5.0
536	321	7.0
676	946	2.0
676	961	2.0
676	952	1.0
676	925	2.0
676	977	1.0
676	967	2.0
676	974	3.0
676	870	1.0
676	903	2.0
145	948	3.0
145	942	4.0
145	852	2.0
110	994	2.0
110	997	2.0
881	55	1.0
881	828	2.0
881	891	4.0
881	647	2.0
881	295	6.0
881	282	2.0
881	190	3.0
881	239	3.0
881	105	4.0
881	562	2.0
881	120	4.0
881	638	3.0
881	754	3.0
881	289	5.0
881	890	1.0
881	61	3.0
822	792	4.0
822	517	1.0
822	630	3.0
822	352	4.0
822	488	4.0
822	297	3.0
822	889	4.0
822	878	4.0
822	85	2.0
822	910	3.0
822	730	4.0
822	984	4.0
571	912	2.0
571	941	3.0
571	995	2.0
571	843	3.0
571	947	3.0
571	928	4.0
571	806	2.0
812	841	3.0
812	107	3.0
812	749	5.0
812	139	3.0
812	265	6.0
812	402	3.0
812	285	4.0
812	121	3.0
812	621	4.0
812	127	3.0
436	949	6.0
436	836	3.0
436	809	2.0
436	927	3.0
436	955	3.0
663	974	4.0
663	975	2.0
663	961	5.0
663	952	5.0
663	925	6.0
663	977	1.0
663	967	3.0
663	870	2.0
663	903	2.0
663	946	4.0
154	789	6.0
154	749	1.0
154	673	2.0
223	989	3.0
223	971	3.0
223	974	4.0
223	996	3.0
223	991	5.0
6	848	1.0
6	698	3.0
285	621	2.0
285	841	4.0
285	265	2.0
285	139	2.0
285	749	3.0
18	173	4.0
18	264	3.0
18	675	5.0
477	936	2.0
477	956	4.0
477	111	1.0
477	857	4.0
477	858	3.0
671	350	1.0
671	205	3.0
671	524	2.0
671	2	4.0
671	581	4.0
671	317	3.0
671	164	3.0
671	358	2.0
671	606	1.0
671	779	3.0
671	725	4.0
879	837	1.0
879	934	1.0
879	980	1.0
879	652	4.0
879	979	4.0
879	982	2.0
879	753	4.0
879	971	2.0
879	782	5.0
879	933	1.0
879	984	6.0
231	967	4.0
231	974	3.0
231	694	1.0
231	977	3.0
928	438	2.0
928	845	4.0
928	995	3.0
928	843	3.0
928	912	2.0
928	297	1.0
928	741	4.0
928	644	1.0
928	806	2.0
928	659	2.0
928	157	4.0
928	513	2.0
928	970	2.0
928	697	4.0
928	886	1.0
928	234	3.0
928	947	4.0
928	905	4.0
928	411	4.0
928	187	4.0
379	32	1.0
379	665	1.0
379	703	4.0
53	831	4.0
749	402	2.0
749	121	4.0
749	621	4.0
749	127	2.0
906	667	2.0
906	800	2.0
906	380	1.0
906	991	3.0
906	821	3.0
906	795	3.0
906	488	2.0
906	695	3.0
906	100	2.0
906	672	4.0
906	938	2.0
906	989	1.0
906	971	6.0
906	996	4.0
906	929	2.0
906	975	5.0
906	844	1.0
678	372	3.0
678	100	4.0
678	214	4.0
678	22	5.0
678	445	2.0
678	792	1.0
678	609	3.0
678	54	6.0
678	769	6.0
678	274	5.0
8	7	4.0
8	765	3.0
582	989	2.0
582	991	2.0
582	872	1.0
582	971	3.0
582	938	3.0
582	975	2.0
582	996	2.0
770	158	3.0
770	949	5.0
770	633	1.0
770	72	3.0
770	151	4.0
770	955	3.0
770	927	1.0
770	898	3.0
770	836	4.0
770	188	3.0
770	626	3.0
652	982	2.0
652	979	3.0
652	934	1.0
652	980	5.0
652	136	3.0
652	453	2.0
652	933	4.0
652	984	6.0
685	294	5.0
685	114	1.0
685	560	3.0
685	825	6.0
685	307	6.0
685	666	3.0
685	646	9.0
685	266	6.0
685	479	4.0
685	504	5.0
359	101	4.0
359	452	6.0
359	579	2.0
359	312	6.0
359	371	3.0
995	444	2.0
995	438	2.0
995	519	1.0
995	251	4.0
995	594	3.0
995	659	2.0
995	644	3.0
995	806	3.0
995	970	2.0
995	697	2.0
995	141	3.0
995	612	3.0
995	845	2.0
995	554	5.0
995	905	2.0
995	173	1.0
995	136	2.0
995	521	1.0
995	843	1.0
995	912	3.0
995	741	2.0
995	234	3.0
995	886	2.0
995	157	2.0
995	980	1.0
995	947	4.0
995	118	2.0
224	701	2.0
224	88	1.0
224	831	1.0
224	573	2.0
224	784	5.0
25	608	4.0
25	219	3.0
633	891	1.0
633	955	1.0
633	949	2.0
633	403	5.0
633	836	5.0
633	809	3.0
633	898	2.0
273	44	4.0
588	948	2.0
588	899	2.0
588	934	2.0
588	852	2.0
588	803	3.0
588	862	2.0
588	603	2.0
588	942	2.0
971	375	1.0
971	532	2.0
971	975	6.0
971	929	1.0
971	126	1.0
971	667	5.0
971	991	1.0
971	795	1.0
971	821	1.0
971	695	2.0
971	261	2.0
971	672	3.0
971	938	1.0
971	561	2.0
971	989	1.0
971	376	4.0
971	147	3.0
971	996	2.0
971	844	2.0
971	800	2.0
443	902	5.0
443	915	3.0
443	380	3.0
443	950	2.0
443	763	1.0
443	804	5.0
443	776	8.0
443	726	2.0
11	936	3.0
11	956	4.0
11	818	3.0
11	957	3.0
452	579	5.0
452	309	4.0
452	312	10.0
782	982	3.0
782	837	2.0
782	934	2.0
782	970	1.0
782	979	3.0
782	980	3.0
782	520	1.0
782	933	4.0
782	753	5.0
782	984	4.0
532	989	2.0
532	991	3.0
532	938	7.0
532	975	1.0
532	996	5.0
105	890	1.0
105	891	1.0
953	987	2.0
953	446	3.0
953	742	1.0
953	959	2.0
953	969	1.0
953	861	1.0
953	786	4.0
953	756	1.0
953	629	2.0
953	830	4.0
953	997	3.0
953	531	4.0
953	994	2.0
953	921	1.0
953	755	3.0
953	941	4.0
953	973	3.0
953	817	4.0
953	824	4.0
953	801	3.0
640	761	3.0
640	189	3.0
640	2	1.0
640	17	5.0
640	88	2.0
640	537	3.0
640	739	6.0
640	593	3.0
23	182	3.0
23	39	3.0
23	769	4.0
135	967	7.0
135	961	2.0
135	977	5.0
636	733	5.0
636	567	4.0
636	899	1.0
636	834	2.0
636	846	4.0
636	820	3.0
636	721	2.0
438	947	3.0
438	912	4.0
438	845	3.0
438	970	2.0
438	367	3.0
128	989	3.0
128	996	5.0
128	54	4.0
128	991	4.0
146	540	3.0
146	495	4.0
146	21	1.0
798	565	5.0
798	68	3.0
798	643	4.0
798	861	2.0
798	167	1.0
798	727	4.0
798	740	6.0
798	642	3.0
798	709	2.0
798	513	3.0
798	143	4.0
798	520	3.0
798	859	1.0
369	789	3.0
369	603	4.0
369	791	4.0
369	673	2.0
489	604	3.0
489	942	4.0
489	839	5.0
489	852	3.0
247	789	5.0
247	699	1.0
247	791	1.0
247	673	4.0
17	761	4.0
17	412	1.0
17	593	3.0
17	739	2.0
700	364	5.0
700	657	4.0
700	253	6.0
700	702	6.0
700	765	4.0
700	459	3.0
700	102	3.0
700	3	4.0
700	545	6.0
996	408	5.0
996	92	2.0
996	795	4.0
996	672	3.0
996	938	1.0
996	800	2.0
996	844	1.0
996	375	5.0
996	55	1.0
996	117	4.0
996	126	4.0
996	667	3.0
996	929	2.0
996	821	3.0
996	695	3.0
996	261	4.0
996	975	2.0
996	991	2.0
996	561	6.0
996	989	3.0
996	147	3.0
996	163	2.0
996	814	1.0
630	792	2.0
630	878	1.0
630	602	1.0
630	910	3.0
630	235	6.0
630	889	4.0
630	933	1.0
629	987	1.0
629	959	2.0
629	973	1.0
629	584	1.0
629	997	4.0
629	994	3.0
629	969	3.0
683	705	2.0
683	865	3.0
683	470	5.0
683	909	2.0
683	527	3.0
683	370	5.0
683	416	2.0
683	681	2.0
683	866	3.0
49	729	3.0
49	422	2.0
49	859	4.0
49	819	3.0
593	761	5.0
593	222	2.0
593	739	7.0
593	169	6.0
593	537	2.0
593	207	4.0
246	752	2.0
246	848	4.0
246	751	1.0
418	902	6.0
418	912	2.0
418	960	3.0
418	775	2.0
418	950	3.0
418	776	3.0
418	767	2.0
865	184	2.0
865	576	4.0
865	4	5.0
865	560	3.0
865	718	3.0
865	232	1.0
865	470	3.0
865	543	1.0
865	527	2.0
865	370	5.0
865	705	5.0
865	681	2.0
865	866	4.0
372	355	3.0
372	39	3.0
372	445	5.0
878	989	3.0
878	792	3.0
878	602	4.0
878	889	1.0
878	730	4.0
878	297	5.0
878	352	5.0
878	910	8.0
878	235	3.0
878	517	3.0
232	560	4.0
232	718	5.0
232	681	2.0
373	793	7.0
373	780	3.0
373	64	1.0
373	797	3.0
373	950	1.0
43	831	3.0
43	1	2.0
43	779	1.0
198	765	4.0
198	645	4.0
198	702	2.0
198	3	3.0
767	902	1.0
767	915	3.0
767	960	3.0
767	775	2.0
767	528	2.0
767	759	1.0
767	804	4.0
767	950	5.0
767	726	2.0
949	158	4.0
949	727	2.0
949	441	6.0
949	955	2.0
949	535	2.0
949	705	2.0
949	403	2.0
949	51	5.0
949	318	1.0
949	188	2.0
949	259	2.0
949	243	3.0
949	72	3.0
949	927	2.0
949	151	2.0
949	898	3.0
949	836	2.0
949	568	2.0
949	626	4.0
949	809	3.0
15	866	2.0
824	987	2.0
824	994	2.0
824	861	2.0
824	997	5.0
824	941	2.0
824	959	4.0
824	973	3.0
824	921	5.0
824	969	2.0
216	698	4.0
216	751	4.0
459	765	6.0
459	645	6.0
459	364	2.0
459	155	6.0
459	102	5.0
459	657	5.0
459	702	3.0
699	35	3.0
699	505	1.0
699	85	2.0
699	674	3.0
699	917	2.0
699	926	1.0
699	894	3.0
699	144	1.0
699	650	1.0
784	162	3.0
784	701	1.0
784	124	1.0
784	183	3.0
784	60	2.0
784	199	1.0
784	453	5.0
784	831	4.0
675	27	3.0
675	21	4.0
675	503	2.0
675	321	6.0
675	270	5.0
439	909	1.0
439	921	3.0
439	566	3.0
439	914	2.0
439	48	2.0
500	936	6.0
500	956	2.0
500	858	2.0
500	366	9.0
500	957	2.0
500	857	2.0
500	558	3.0
921	987	5.0
921	492	2.0
921	836	3.0
921	959	2.0
921	861	1.0
921	786	3.0
921	756	1.0
921	830	3.0
921	997	2.0
921	994	1.0
921	941	2.0
921	973	2.0
921	817	1.0
921	801	1.0
921	969	5.0
566	732	3.0
566	410	2.0
566	914	3.0
124	701	2.0
124	831	4.0
136	947	5.0
521	539	2.0
521	819	5.0
521	729	3.0
521	859	3.0
912	936	1.0
912	528	3.0
912	251	4.0
912	845	1.0
912	973	2.0
912	843	1.0
912	820	1.0
912	644	2.0
912	806	4.0
912	886	1.0
912	659	3.0
912	970	3.0
912	697	2.0
912	947	4.0
912	141	2.0
912	612	4.0
912	554	2.0
912	905	2.0
31	915	2.0
31	960	3.0
31	950	3.0
665	347	2.0
665	32	4.0
665	703	6.0
665	644	1.0
665	13	5.0
293	967	6.0
293	974	6.0
293	576	1.0
293	961	2.0
293	977	1.0
604	948	1.0
604	942	1.0
604	653	1.0
604	899	5.0
604	967	2.0
604	803	1.0
604	862	2.0
604	839	2.0
313	967	3.0
313	974	3.0
313	961	2.0
313	977	2.0
39	274	2.0
39	769	1.0
217	936	2.0
217	956	4.0
217	857	4.0
217	957	2.0
974	400	2.0
974	361	5.0
974	967	4.0
974	584	5.0
974	661	3.0
974	619	2.0
974	140	3.0
974	572	4.0
974	977	2.0
974	467	4.0
974	166	1.0
974	870	1.0
974	903	3.0
974	249	4.0
974	872	1.0
974	523	4.0
974	437	2.0
974	952	2.0
974	946	2.0
974	925	7.0
974	961	3.0
889	792	7.0
889	602	4.0
889	979	2.0
889	235	2.0
889	517	3.0
889	730	3.0
889	488	4.0
889	297	1.0
889	85	6.0
889	910	2.0
889	352	4.0
513	740	2.0
513	643	3.0
513	727	3.0
505	973	1.0
505	894	4.0
505	926	6.0
505	917	2.0
505	650	3.0
554	970	2.0
554	947	2.0
554	886	4.0
961	249	3.0
961	400	2.0
961	977	1.0
961	361	4.0
961	872	2.0
961	584	4.0
961	661	1.0
961	619	2.0
961	140	2.0
961	523	1.0
961	660	2.0
961	572	2.0
961	437	2.0
961	952	2.0
961	946	3.0
961	925	1.0
961	467	2.0
961	967	1.0
961	870	3.0
961	903	4.0
467	967	3.0
467	952	1.0
467	946	1.0
467	977	1.0
120	891	4.0
120	890	6.0
925	977	1.0
925	584	3.0
925	872	2.0
925	952	2.0
925	661	3.0
925	619	3.0
925	957	1.0
925	650	1.0
925	572	4.0
925	946	3.0
925	967	5.0
925	870	2.0
925	903	1.0
991	408	2.0
991	92	3.0
991	795	5.0
991	672	2.0
991	970	1.0
991	938	5.0
991	376	2.0
991	612	2.0
991	800	1.0
991	844	1.0
991	375	2.0
991	117	1.0
991	126	3.0
991	667	2.0
991	929	2.0
991	821	1.0
991	695	2.0
991	975	2.0
991	561	2.0
991	989	2.0
991	147	4.0
991	163	4.0
543	576	2.0
543	4	3.0
543	718	4.0
543	866	1.0
543	705	2.0
543	755	1.0
584	977	3.0
584	967	2.0
584	952	3.0
584	946	1.0
801	987	2.0
801	994	3.0
801	997	6.0
801	941	3.0
801	959	2.0
801	973	2.0
801	969	8.0
721	733	4.0
721	834	4.0
721	354	3.0
721	14	5.0
721	846	4.0
721	602	1.0
721	814	1.0
721	171	5.0
721	111	3.0
721	567	3.0
721	910	2.0
857	936	2.0
857	639	1.0
857	956	3.0
857	342	4.0
857	818	4.0
857	227	3.0
857	858	3.0
857	957	7.0
857	433	2.0
857	553	3.0
857	558	2.0
1	915	2.0
1	317	2.0
1	131	2.0
1	779	3.0
470	560	1.0
470	576	5.0
470	866	3.0
733	994	1.0
733	820	3.0
733	834	3.0
733	354	4.0
733	510	6.0
733	111	1.0
733	567	6.0
733	485	1.0
733	814	4.0
733	846	2.0
565	519	2.0
565	643	4.0
565	167	3.0
565	520	3.0
565	740	4.0
565	709	3.0
761	222	4.0
761	189	3.0
761	739	2.0
761	169	6.0
761	537	3.0
761	88	2.0
230	987	1.0
230	997	2.0
230	994	1.0
214	769	4.0
214	609	5.0
422	797	2.0
422	458	4.0
422	229	8.0
422	64	1.0
144	491	1.0
144	894	4.0
144	876	5.0
144	926	4.0
144	917	5.0
68	727	3.0
68	298	3.0
68	642	2.0
68	643	4.0
227	936	4.0
227	818	4.0
227	957	3.0
341	909	1.0
341	914	2.0
341	662	1.0
341	653	2.0
344	948	4.0
344	905	2.0
344	862	3.0
344	942	1.0
344	852	4.0
644	886	4.0
644	947	2.0
644	843	5.0
644	905	3.0
609	355	3.0
609	623	3.0
609	431	3.0
609	769	4.0
609	274	3.0
709	740	7.0
709	143	5.0
709	520	2.0
709	727	3.0
709	485	2.0
709	298	5.0
709	642	3.0
162	453	6.0
162	416	2.0
162	831	5.0
131	581	5.0
131	870	2.0
131	606	1.0
131	725	4.0
131	2	3.0
317	581	3.0
317	606	3.0
317	779	3.0
317	524	5.0
356	166	6.0
356	729	4.0
356	859	3.0
356	819	8.0
797	780	2.0
797	385	4.0
797	929	1.0
797	395	1.0
797	694	3.0
797	793	6.0
797	229	5.0
797	622	2.0
751	752	2.0
751	979	2.0
751	698	2.0
751	848	3.0
751	132	3.0
751	460	3.0
725	36	5.0
725	184	2.0
725	524	2.0
725	205	1.0
725	581	8.0
725	164	3.0
725	358	4.0
725	606	2.0
725	779	1.0
391	982	3.0
391	934	3.0
391	984	2.0
391	980	3.0
391	979	3.0
870	977	2.0
870	946	1.0
870	967	1.0
870	872	1.0
870	947	2.0
870	952	2.0
870	661	4.0
870	619	3.0
870	903	4.0
262	453	6.0
262	831	4.0
262	914	1.0
558	936	3.0
558	956	2.0
558	858	3.0
558	818	6.0
558	395	4.0
558	957	4.0
207	941	1.0
207	189	1.0
207	739	2.0
70	982	3.0
70	980	2.0
70	984	3.0
70	979	6.0
492	902	1.0
492	973	1.0
492	997	1.0
492	994	2.0
492	969	3.0
189	739	3.0
891	55	2.0
891	828	3.0
891	894	2.0
891	647	3.0
891	295	3.0
891	116	4.0
891	282	1.0
891	190	3.0
891	562	4.0
891	638	2.0
891	754	2.0
891	973	1.0
891	289	4.0
891	890	7.0
891	61	4.0
955	158	6.0
955	994	2.0
955	441	3.0
955	535	2.0
955	403	2.0
955	51	2.0
955	531	3.0
955	188	2.0
955	626	3.0
955	243	5.0
955	76	4.0
955	72	3.0
955	927	2.0
955	151	3.0
955	684	2.0
955	898	6.0
955	836	5.0
955	259	6.0
955	809	3.0
525	789	4.0
525	791	4.0
861	987	5.0
861	409	3.0
861	959	3.0
861	994	3.0
861	830	1.0
861	997	5.0
861	941	3.0
861	973	3.0
861	969	4.0
510	834	1.0
510	846	4.0
510	886	2.0
510	820	3.0
510	814	1.0
132	848	5.0
820	834	8.0
820	104	3.0
820	171	2.0
820	846	2.0
820	567	3.0
820	814	4.0
603	57	2.0
603	789	1.0
603	673	2.0
126	989	6.0
788	476	1.0
788	311	5.0
788	708	2.0
788	556	2.0
788	710	2.0
788	586	1.0
788	541	5.0
788	717	1.0
788	19	2.0
788	763	1.0
788	804	3.0
788	250	4.0
898	158	1.0
898	977	3.0
898	403	3.0
898	51	2.0
898	626	3.0
898	72	2.0
898	76	3.0
898	809	1.0
898	927	4.0
898	243	3.0
898	836	3.0
898	151	4.0
950	902	2.0
950	292	4.0
950	775	4.0
950	715	4.0
950	776	2.0
950	380	4.0
950	315	2.0
950	960	3.0
950	234	2.0
950	726	3.0
950	915	4.0
950	426	4.0
950	241	2.0
950	697	1.0
950	759	4.0
950	804	1.0
950	248	3.0
701	535	1.0
701	44	3.0
701	831	5.0
752	339	1.0
752	698	2.0
752	125	4.0
752	60	2.0
752	862	1.0
752	848	1.0
752	844	1.0
752	460	5.0
302	948	4.0
302	684	3.0
302	942	5.0
437	967	4.0
437	890	1.0
437	952	3.0
437	946	3.0
437	977	4.0
183	831	2.0
183	573	3.0
545	645	3.0
545	657	5.0
545	702	4.0
545	765	4.0
545	102	3.0
125	848	3.0
776	915	3.0
776	775	6.0
776	715	1.0
776	255	2.0
776	960	2.0
776	759	2.0
776	804	1.0
776	726	3.0
524	358	2.0
524	662	2.0
524	779	3.0
3	253	3.0
3	702	3.0
386	936	4.0
386	957	4.0
386	956	2.0
386	858	5.0
444	659	3.0
444	905	1.0
444	619	2.0
444	970	2.0
876	258	1.0
876	412	3.0
876	926	2.0
876	650	1.0
876	377	4.0
876	917	3.0
876	497	1.0
876	491	2.0
876	674	3.0
876	894	1.0
876	233	4.0
111	814	4.0
984	934	4.0
984	837	2.0
984	213	1.0
984	980	2.0
984	982	1.0
984	938	1.0
984	568	2.0
984	490	3.0
984	133	1.0
984	979	1.0
984	65	4.0
984	269	3.0
984	933	2.0
984	946	1.0
984	371	2.0
984	753	1.0
970	697	3.0
970	519	2.0
970	594	2.0
970	845	2.0
970	495	1.0
970	843	4.0
970	947	1.0
970	251	2.0
970	806	3.0
970	886	3.0
970	157	2.0
970	905	4.0
970	14	2.0
970	528	4.0
970	141	3.0
970	118	2.0
970	612	3.0
970	411	7.0
970	187	2.0
406	347	7.0
406	32	6.0
406	703	7.0
406	141	1.0
13	703	3.0
307	294	2.0
307	825	3.0
307	404	4.0
307	666	4.0
307	479	3.0
307	602	1.0
101	579	4.0
101	309	5.0
959	987	3.0
959	941	2.0
959	742	4.0
959	969	4.0
959	786	4.0
959	830	2.0
959	997	1.0
959	994	5.0
959	973	4.0
959	817	2.0
959	568	5.0
959	755	2.0
834	104	2.0
834	171	2.0
834	846	5.0
834	917	1.0
834	567	2.0
834	485	3.0
834	814	2.0
258	926	4.0
258	674	4.0
258	894	3.0
400	967	4.0
400	952	2.0
400	977	1.0
852	249	2.0
852	899	2.0
852	684	1.0
852	839	2.0
852	948	3.0
852	314	2.0
852	653	5.0
852	803	1.0
852	862	3.0
852	575	1.0
852	942	1.0
638	647	5.0
638	828	3.0
638	562	2.0
638	890	7.0
638	233	2.0
638	754	6.0
638	975	3.0
408	989	4.0
408	933	2.0
408	975	3.0
980	837	4.0
980	213	5.0
980	934	3.0
980	108	1.0
980	982	4.0
980	568	2.0
980	490	2.0
980	133	2.0
980	979	2.0
980	65	2.0
980	269	3.0
980	933	4.0
980	371	2.0
980	753	3.0
167	727	5.0
167	740	2.0
167	642	1.0
727	643	6.0
727	143	3.0
727	520	1.0
727	740	3.0
727	642	4.0
727	250	3.0
866	184	5.0
866	576	4.0
866	560	2.0
866	493	3.0
866	718	1.0
866	416	3.0
866	335	2.0
866	527	3.0
866	370	3.0
866	681	4.0
453	831	3.0
672	989	4.0
672	938	3.0
672	929	4.0
672	848	1.0
672	975	6.0
116	890	2.0
116	818	1.0
355	769	5.0
449	78	6.0
449	756	2.0
449	10	3.0
402	841	2.0
402	433	2.0
402	107	2.0
402	139	2.0
402	621	1.0
967	249	1.0
967	977	1.0
967	872	1.0
967	946	1.0
967	661	1.0
967	619	6.0
967	523	1.0
967	572	4.0
967	952	2.0
967	653	1.0
967	903	2.0
289	419	1.0
289	890	4.0
905	519	1.0
905	251	3.0
905	845	1.0
905	659	5.0
905	843	2.0
905	741	3.0
905	806	1.0
905	368	1.0
905	886	2.0
905	697	1.0
905	947	1.0
905	118	2.0
905	612	3.0
567	485	2.0
567	914	1.0
567	814	3.0
567	846	1.0
763	476	4.0
763	311	1.0
763	708	2.0
763	556	4.0
763	710	3.0
763	586	4.0
763	541	3.0
763	717	1.0
763	19	6.0
763	250	3.0
387	957	4.0
387	956	3.0
387	858	4.0
779	36	3.0
779	2	1.0
779	581	4.0
779	164	3.0
779	358	1.0
779	606	4.0
61	890	5.0
969	987	1.0
969	941	3.0
969	742	1.0
969	786	3.0
969	756	3.0
969	830	3.0
969	997	2.0
969	994	4.0
969	973	1.0
969	817	3.0
969	541	2.0
969	755	1.0
560	705	1.0
560	681	3.0
55	890	1.0
490	982	3.0
490	710	1.0
490	934	5.0
490	933	5.0
490	979	3.0
446	77	5.0
446	793	2.0
446	780	3.0
446	694	5.0
186	859	4.0
186	591	4.0
535	927	4.0
535	836	3.0
535	809	5.0
535	259	4.0
556	841	2.0
556	708	2.0
556	586	2.0
556	717	4.0
556	710	4.0
556	541	4.0
199	573	1.0
347	703	3.0
235	910	8.0
60	848	5.0
388	948	3.0
388	899	3.0
388	684	4.0
388	839	2.0
10	712	3.0
10	728	3.0
65	982	5.0
65	979	3.0
496	914	4.0
496	909	4.0
265	841	1.0
265	621	5.0
265	739	1.0
659	886	2.0
659	410	3.0
695	989	2.0
695	938	1.0
695	929	1.0
695	732	1.0
695	975	2.0
86	909	1.0
86	914	1.0
86	660	3.0
86	957	3.0
819	119	5.0
819	591	6.0
819	112	2.0
819	539	4.0
819	166	4.0
819	729	4.0
819	859	5.0
404	825	3.0
404	646	5.0
404	479	3.0
404	809	1.0
58	666	4.0
58	266	3.0
960	902	4.0
960	292	2.0
960	775	3.0
960	715	5.0
960	742	4.0
960	255	4.0
960	886	2.0
960	380	3.0
960	315	3.0
960	726	6.0
960	915	1.0
960	426	4.0
960	759	1.0
960	804	2.0
960	241	5.0
960	248	1.0
579	239	2.0
579	312	4.0
410	914	3.0
410	662	4.0
817	987	4.0
817	994	1.0
817	997	4.0
817	941	1.0
817	973	3.0
817	78	2.0
118	606	3.0
118	234	2.0
646	825	3.0
646	419	2.0
646	266	3.0
646	479	1.0
933	837	2.0
933	982	6.0
933	934	4.0
933	698	2.0
933	979	2.0
933	568	4.0
933	753	4.0
504	419	1.0
504	149	2.0
504	114	3.0
814	171	2.0
814	846	3.0
814	354	3.0
814	485	1.0
27	503	2.0
27	21	1.0
519	157	3.0
519	845	4.0
519	697	4.0
519	947	1.0
458	793	4.0
458	32	1.0
458	780	2.0
213	982	2.0
213	947	3.0
213	934	2.0
213	979	4.0
4	440	2.0
4	681	4.0
708	476	8.0
708	311	5.0
708	938	2.0
708	717	3.0
708	586	2.0
708	710	4.0
708	541	5.0
708	19	7.0
708	250	1.0
581	164	1.0
581	606	1.0
703	7	1.0
619	952	2.0
619	977	3.0
619	903	2.0
619	946	2.0
926	936	1.0
926	412	4.0
926	650	3.0
926	35	1.0
926	377	5.0
926	324	1.0
926	917	1.0
926	497	2.0
926	491	3.0
926	674	3.0
926	894	3.0
754	647	6.0
754	828	5.0
754	562	5.0
754	890	3.0
806	886	2.0
806	741	2.0
806	843	3.0
806	947	2.0
806	927	1.0
806	612	1.0
997	941	2.0
997	994	4.0
997	786	4.0
997	830	4.0
997	225	3.0
997	674	1.0
997	710	4.0
997	987	2.0
997	742	2.0
997	756	4.0
997	531	3.0
997	973	3.0
997	755	2.0
72	927	5.0
717	311	4.0
717	710	3.0
717	541	3.0
717	250	2.0
520	740	3.0
520	642	1.0
729	539	1.0
729	591	5.0
729	859	4.0
729	946	2.0
479	294	2.0
479	718	1.0
479	825	5.0
903	946	2.0
903	977	2.0
903	952	1.0
903	573	1.0
903	872	3.0
903	661	3.0
903	44	1.0
248	759	5.0
248	902	2.0
248	292	8.0
248	715	3.0
841	107	4.0
841	139	3.0
841	121	5.0
841	621	3.0
841	127	4.0
994	786	2.0
994	830	5.0
994	225	1.0
994	982	2.0
994	987	3.0
994	742	2.0
994	756	4.0
994	531	3.0
994	941	4.0
994	973	3.0
994	755	4.0
956	936	2.0
956	639	2.0
956	342	2.0
956	818	3.0
956	858	4.0
956	433	6.0
956	366	3.0
956	730	1.0
956	957	6.0
956	982	1.0
956	340	3.0
956	553	5.0
956	395	1.0
775	902	4.0
775	426	2.0
775	324	1.0
775	715	4.0
775	759	3.0
775	804	3.0
775	726	1.0
982	837	3.0
982	568	5.0
982	934	4.0
982	697	3.0
982	539	2.0
982	133	3.0
982	979	4.0
982	269	6.0
982	371	1.0
982	753	3.0
441	836	5.0
441	809	2.0
441	927	6.0
117	938	1.0
117	975	2.0
843	845	1.0
843	957	1.0
843	886	1.0
843	741	2.0
843	411	2.0
843	947	1.0
872	647	1.0
872	952	3.0
872	977	7.0
872	432	3.0
872	661	3.0
872	946	3.0
929	975	5.0
929	64	1.0
929	667	4.0
929	821	3.0
929	795	3.0
929	938	3.0
929	989	3.0
929	800	2.0
929	844	3.0
657	253	1.0
657	702	2.0
657	645	3.0
657	765	5.0
657	155	7.0
657	364	4.0
51	927	4.0
51	917	1.0
51	809	4.0
416	705	4.0
416	681	6.0
728	712	2.0
728	396	3.0
728	78	5.0
728	97	8.0
728	789	2.0
728	318	5.0
488	792	7.0
488	910	3.0
488	730	5.0
488	517	5.0
662	947	1.0
662	909	3.0
662	914	2.0
662	732	3.0
662	660	2.0
253	765	3.0
253	645	3.0
946	977	2.0
946	523	1.0
946	952	2.0
946	661	3.0
946	830	3.0
946	572	5.0
667	989	2.0
667	938	3.0
667	975	1.0
989	795	3.0
989	938	3.0
989	376	3.0
989	800	1.0
989	844	4.0
989	375	1.0
989	445	2.0
989	821	2.0
989	261	3.0
989	975	2.0
989	561	3.0
989	147	3.0
989	485	1.0
989	163	1.0
370	527	1.0
370	705	3.0
927	158	2.0
927	828	1.0
927	403	2.0
927	188	1.0
927	259	3.0
927	243	2.0
927	76	2.0
927	151	4.0
927	836	2.0
927	809	4.0
684	948	2.0
684	899	3.0
684	942	3.0
684	862	3.0
684	839	4.0
88	739	2.0
233	917	4.0
233	894	3.0
54	769	4.0
705	184	3.0
705	335	4.0
705	718	3.0
705	681	3.0
651	495	3.0
651	608	4.0
651	196	3.0
651	808	4.0
651	493	4.0
902	292	4.0
902	715	1.0
902	255	2.0
902	380	4.0
902	315	2.0
902	726	2.0
902	915	4.0
902	426	5.0
902	759	3.0
902	804	1.0
902	241	5.0
650	377	2.0
650	917	2.0
650	491	2.0
650	674	5.0
650	894	4.0
792	910	3.0
251	845	2.0
837	979	2.0
837	825	2.0
837	934	5.0
837	753	2.0
594	845	3.0
594	528	2.0
594	886	2.0
594	741	1.0
594	848	2.0
594	844	3.0
409	914	3.0
409	732	3.0
409	440	2.0
409	909	4.0
108	909	3.0
108	732	4.0
335	681	1.0
48	909	6.0
48	914	7.0
48	839	3.0
957	936	5.0
957	639	3.0
957	342	3.0
957	818	5.0
957	858	5.0
957	433	1.0
957	366	5.0
957	340	3.0
957	553	3.0
957	395	5.0
77	622	2.0
647	828	4.0
647	890	4.0
366	858	5.0
938	975	3.0
938	795	1.0
938	821	2.0
938	561	3.0
938	376	1.0
938	147	3.0
938	844	1.0
938	800	2.0
606	36	6.0
606	358	5.0
730	352	4.0
730	602	6.0
730	85	5.0
730	910	7.0
730	517	3.0
795	821	1.0
795	975	3.0
795	19	3.0
795	800	6.0
795	844	3.0
591	539	4.0
591	934	1.0
591	859	7.0
531	987	3.0
140	952	2.0
140	977	2.0
35	894	5.0
340	936	6.0
804	715	7.0
804	915	1.0
804	426	3.0
804	759	3.0
74	909	2.0
74	914	3.0
74	626	2.0
539	859	4.0
803	342	1.0
803	432	4.0
803	475	4.0
803	839	1.0
803	948	2.0
803	899	2.0
803	653	2.0
803	862	2.0
803	942	3.0
612	845	4.0
612	947	6.0
818	936	4.0
818	858	4.0
818	740	1.0
818	639	3.0
818	553	1.0
527	157	3.0
527	315	1.0
726	915	5.0
726	292	8.0
726	715	3.0
726	948	1.0
726	315	7.0
282	890	1.0
282	862	1.0
844	975	2.0
844	800	5.0
844	821	1.0
249	977	3.0
342	936	2.0
342	553	2.0
780	350	3.0
780	385	3.0
780	64	2.0
780	694	1.0
780	793	4.0
780	229	2.0
119	859	4.0
133	942	2.0
133	979	1.0
432	948	1.0
432	942	3.0
432	899	4.0
196	808	1.0
315	915	6.0
952	977	2.0
952	361	3.0
952	523	1.0
952	661	2.0
952	572	1.0
952	411	3.0
673	789	1.0
673	791	1.0
886	845	4.0
886	741	3.0
886	702	3.0
886	697	8.0
886	141	5.0
623	182	2.0
623	431	3.0
942	653	4.0
942	475	3.0
942	90	3.0
942	839	4.0
942	314	2.0
942	948	2.0
942	862	4.0
942	575	3.0
942	367	6.0
942	899	4.0
697	947	1.0
846	104	3.0
846	171	4.0
846	14	4.0
846	354	4.0
846	485	4.0
846	739	1.0
182	661	2.0
182	769	3.0
182	431	3.0
112	859	4.0
561	941	3.0
561	975	1.0
710	476	3.0
710	586	4.0
710	541	2.0
710	19	3.0
836	626	2.0
836	809	3.0
836	151	3.0
836	403	2.0
460	848	3.0
460	698	5.0
219	495	2.0
219	808	4.0
270	173	5.0
270	503	5.0
476	541	5.0
476	586	5.0
155	765	4.0
155	645	5.0
155	702	8.0
385	793	6.0
385	694	4.0
385	312	3.0
934	987	2.0
934	568	3.0
934	371	5.0
934	979	3.0
934	753	5.0
934	791	3.0
261	973	1.0
395	936	2.0
395	858	4.0
821	975	3.0
821	800	2.0
661	977	1.0
718	576	4.0
718	681	3.0
403	809	2.0
403	188	2.0
622	350	2.0
622	694	2.0
622	793	2.0
92	975	4.0
740	643	4.0
740	298	2.0
740	642	2.0
97	712	6.0
839	948	3.0
839	653	7.0
839	862	1.0
839	575	2.0
839	899	4.0
839	367	2.0
314	948	5.0
314	862	2.0
314	681	1.0
188	90	2.0
188	626	2.0
222	739	6.0
225	987	3.0
225	562	3.0
225	941	4.0
948	653	4.0
948	475	3.0
948	899	2.0
948	90	3.0
948	862	2.0
948	575	2.0
948	367	3.0
190	890	6.0
352	910	3.0
572	977	2.0
85	910	3.0
318	712	4.0
318	396	5.0
769	22	5.0
769	445	1.0
769	431	2.0
769	274	2.0
793	576	4.0
793	350	6.0
793	64	3.0
793	694	4.0
793	229	1.0
894	412	3.0
894	643	1.0
894	377	3.0
894	324	6.0
894	917	2.0
894	497	3.0
894	674	2.0
894	123	1.0
553	936	3.0
396	712	2.0
367	899	5.0
639	936	7.0
639	858	4.0
715	255	3.0
715	759	2.0
715	915	2.0
828	562	1.0
828	890	2.0
229	694	5.0
643	642	4.0
540	915	1.0
540	368	5.0
540	808	4.0
540	493	3.0
845	741	3.0
845	947	1.0
845	123	1.0
568	979	1.0
169	739	3.0
741	339	2.0
741	947	1.0
493	608	3.0
979	269	2.0
979	371	5.0
979	753	2.0
157	947	3.0
789	57	5.0
789	791	3.0
426	759	6.0
426	915	2.0
114	149	3.0
114	825	4.0
541	311	4.0
562	890	1.0
497	786	2.0
497	412	3.0
497	917	3.0
739	537	5.0
491	917	3.0
890	295	6.0
862	899	2.0
862	653	2.0
862	575	5.0
862	475	1.0
266	666	3.0
266	149	3.0
575	899	3.0
164	36	4.0
164	358	3.0
537	936	3.0
149	825	2.0
149	666	2.0
523	977	4.0
368	808	3.0
368	608	3.0
368	495	2.0
90	899	1.0
321	69	4.0
321	236	7.0
339	848	3.0
339	698	4.0
361	666	2.0
361	977	4.0
297	910	2.0
297	602	5.0
440	909	4.0
440	914	2.0
440	732	3.0
354	292	1.0
702	765	6.0
702	102	2.0
702	645	5.0
674	324	5.0
674	917	3.0
376	975	3.0
909	660	2.0
909	732	3.0
909	914	5.0
166	859	3.0
102	645	3.0
241	915	4.0
975	800	5.0
975	987	1.0
975	375	3.0
987	786	2.0
987	830	2.0
987	742	1.0
987	756	3.0
987	941	2.0
987	973	2.0
987	755	4.0
445	753	1.0
255	915	1.0
433	936	7.0
503	264	3.0
503	236	2.0
756	941	1.0
756	973	2.0
915	380	2.0
915	759	1.0
899	475	1.0
411	947	3.0
800	645	2.0
364	765	4.0
364	645	6.0
941	742	3.0
941	786	1.0
941	830	2.0
941	973	2.0
941	755	1.0
973	786	2.0
973	830	2.0
973	742	4.0
973	755	2.0
936	858	6.0
602	910	1.0
419	666	4.0
419	825	3.0
69	173	4.0
69	236	3.0
765	645	2.0
380	759	3.0
412	377	5.0
412	917	2.0
660	914	1.0
660	666	2.0
830	910	2.0
626	809	2.0
626	243	2.0
608	808	4.0
848	698	4.0
666	294	2.0
666	825	5.0
294	825	1.0
528	947	2.0
377	917	2.0
324	917	5.0
947	187	3.0
732	914	1.0
