1	30
2	30
3	21
4	25
5	15
6	23
7	28
8	28
9	30
10	19
11	20
12	1
13	28
14	8
15	25
16	7
17	24
18	26
19	29
20	20
21	26
22	3
23	3
24	24
25	22
26	2
27	26
28	25
29	10
30	9
31	11
32	28
33	11
34	29
35	15
36	30
37	18
38	25
39	3
40	28
41	6
42	13
43	30
44	6
45	2
46	22
47	21
48	32
49	13
50	4
51	4
52	12
53	6
54	3
55	16
56	25
57	5
58	18
59	7
60	23
61	16
62	22
63	4
64	17
65	9
66	22
67	22
68	0
69	26
70	9
71	21
72	4
73	8
74	32
75	18
76	4
77	17
78	19
79	13
80	26
81	10
82	5
83	27
84	15
85	27
86	32
87	27
88	24
89	13
90	7
91	12
92	14
93	28
94	7
95	3
96	27
97	19
98	5
99	20
100	3
101	31
102	21
103	32
104	8
105	16
106	23
107	2
108	32
109	12
110	1
111	8
112	13
113	18
114	18
115	9
116	16
117	14
118	10
119	13
120	16
121	2
122	8
123	10
124	6
125	23
126	14
127	2
128	14
129	16
130	15
131	30
132	23
133	9
134	11
135	12
136	10
137	26
138	25
139	2
140	12
141	10
142	22
143	0
144	15
145	7
146	22
147	14
148	2
149	18
150	9
151	4
152	28
153	22
154	5
155	21
156	27
157	10
158	4
159	5
160	9
161	23
162	6
163	14
164	30
165	2
166	13
167	0
168	31
169	24
170	5
171	8
172	18
173	26
174	11
175	19
176	31
177	15
178	18
179	16
180	14
181	13
182	3
183	6
184	25
185	1
186	13
187	10
188	4
189	24
190	16
191	10
192	5
193	24
194	16
195	11
196	22
197	11
198	21
199	6
200	5
201	28
202	20
203	6
204	11
205	30
206	26
207	24
208	23
209	29
210	32
211	27
212	19
213	9
214	3
215	22
216	23
217	20
218	6
219	22
220	19
221	0
222	24
223	14
224	6
225	1
226	14
227	20
228	2
229	17
230	1
231	12
232	25
233	15
234	10
235	27
236	26
237	20
238	9
239	31
240	12
241	11
242	31
243	4
244	2
245	3
246	23
247	5
248	11
249	12
250	29
251	10
252	17
253	21
254	27
255	11
256	23
257	6
258	15
259	4
260	4
261	14
262	6
263	12
264	26
265	2
266	18
267	27
268	31
269	9
270	26
271	28
272	31
273	6
274	3
275	27
276	32
277	2
278	22
279	17
280	29
281	30
282	16
283	9
284	26
285	2
286	2
287	6
288	10
289	16
290	3
291	29
292	11
293	12
294	18
295	16
296	9
297	27
298	0
299	22
300	32
301	32
302	7
303	9
304	5
305	15
306	16
307	18
308	19
309	31
310	25
311	29
312	31
313	12
314	7
315	11
316	3
317	30
318	19
319	26
320	13
321	26
322	27
323	19
324	15
325	8
326	12
327	22
328	22
329	11
330	2
331	8
332	0
333	7
334	29
335	25
336	8
337	32
338	10
339	23
340	20
341	32
342	20
343	11
344	7
345	8
346	12
347	28
348	24
349	0
350	17
351	4
352	27
353	28
354	8
355	3
356	13
357	22
358	30
359	31
360	27
361	12
362	28
363	6
364	21
365	24
366	20
367	7
368	22
369	5
370	25
371	9
372	3
373	17
374	17
375	14
376	14
377	15
378	31
379	28
380	11
381	7
382	10
383	19
384	3
385	17
386	20
387	20
388	7
389	32
390	19
391	9
392	5
393	22
394	19
395	20
396	19
397	8
398	0
399	15
400	12
401	8
402	2
403	4
404	18
405	10
406	28
407	18
408	14
409	32
410	32
411	10
412	15
413	23
414	25
415	12
416	25
417	3
418	11
419	18
420	27
421	16
422	17
423	9
424	22
425	0
426	11
427	17
428	13
429	11
430	6
431	3
432	7
433	20
434	5
435	20
436	4
437	12
438	10
439	32
440	32
441	4
442	11
443	11
444	10
445	3
446	17
447	28
448	21
449	19
450	28
451	20
452	31
453	6
454	4
455	14
456	7
457	15
458	17
459	21
460	23
461	9
462	8
463	18
464	32
465	14
466	18
467	12
468	16
469	5
470	25
471	9
472	11
473	9
474	21
475	7
476	29
477	20
478	12
479	18
480	31
481	30
482	22
483	14
484	21
485	8
486	15
487	20
488	27
489	7
490	9
491	15
492	1
493	22
494	30
495	22
496	32
497	15
498	1
499	28
500	20
501	29
502	0
503	26
504	18
505	15
506	30
507	26
508	17
509	11
510	8
511	6
512	7
513	0
514	4
515	27
516	23
517	27
518	28
519	10
520	0
521	13
522	22
523	12
524	30
525	5
526	20
527	25
528	10
529	31
530	21
531	1
532	14
533	21
534	6
535	4
536	26
537	24
538	10
539	13
540	22
541	29
542	7
543	25
544	24
545	21
546	13
547	26
548	13
549	25
550	4
551	2
552	26
553	20
554	10
555	29
556	29
557	31
558	20
559	15
560	25
561	14
562	16
563	31
564	15
565	0
566	32
567	8
568	9
569	1
570	3
571	10
572	12
573	6
574	12
575	7
576	25
577	2
578	21
579	31
580	24
581	30
582	14
583	2
584	12
585	15
586	29
587	12
588	7
589	11
590	18
591	13
592	32
593	24
594	10
595	4
596	31
597	30
598	11
599	6
600	14
601	1
602	27
603	5
604	7
605	14
606	30
607	14
608	22
609	3
610	13
611	32
612	10
613	27
614	2
615	19
616	23
617	14
618	17
619	12
620	7
621	2
622	17
623	3
624	6
625	18
626	4
627	9
628	18
629	1
630	27
631	28
632	17
633	4
634	27
635	14
636	8
637	10
638	16
639	20
640	24
641	1
642	0
643	0
644	10
645	21
646	18
647	16
648	20
649	17
650	15
651	22
652	9
653	7
654	24
655	15
656	4
657	21
658	10
659	10
660	32
661	12
662	32
663	12
664	27
665	28
666	18
667	14
668	8
669	27
670	15
671	30
672	14
673	5
674	15
675	26
676	12
677	20
678	3
679	4
680	22
681	25
682	19
683	25
684	7
685	18
686	19
687	26
688	2
689	5
690	6
691	4
692	0
693	24
694	17
695	14
696	29
697	10
698	23
699	15
700	21
701	6
702	21
703	28
704	4
705	25
706	15
707	0
708	29
709	0
710	29
711	32
712	19
713	27
714	24
715	11
716	5
717	29
718	25
719	31
720	9
721	8
722	0
723	30
724	17
725	30
726	11
727	0
728	19
729	13
730	27
731	18
732	32
733	8
734	2
735	1
736	29
737	17
738	25
739	24
740	0
741	10
742	1
743	13
744	15
745	0
746	11
747	31
748	19
749	2
750	5
751	23
752	23
753	9
754	16
755	1
756	1
757	17
758	1
759	11
760	6
761	24
762	3
763	29
764	27
765	21
766	10
767	11
768	26
769	3
770	4
771	4
772	26
773	20
774	28
775	11
776	11
777	6
778	5
779	30
780	17
781	23
782	9
783	23
784	6
785	9
786	1
787	5
788	29
789	5
790	8
791	5
792	27
793	17
794	27
795	14
796	23
797	17
798	0
799	8
800	14
801	1
802	32
803	7
804	11
805	7
806	10
807	32
808	22
809	4
810	6
811	13
812	2
813	16
814	8
815	3
816	25
817	1
818	20
819	13
820	8
821	14
822	27
823	20
824	1
825	18
826	13
827	17
828	16
829	3
830	1
831	6
832	23
833	32
834	8
835	16
836	4
837	9
838	20
839	7
840	20
841	2
842	13
843	10
844	14
845	10
846	8
847	23
848	23
849	22
850	6
851	3
852	7
853	9
854	9
855	4
856	15
857	20
858	20
859	13
860	1
861	1
862	7
863	4
864	20
865	25
866	25
867	32
868	32
869	1
870	12
871	11
872	12
873	8
874	16
875	25
876	15
877	11
878	27
879	9
880	4
881	16
882	16
883	16
884	27
885	16
886	10
887	25
888	22
889	27
890	16
891	16
892	7
893	32
894	15
895	1
896	22
897	10
898	4
899	7
900	9
901	25
902	11
903	12
904	1
905	10
906	14
907	25
908	1
909	32
910	27
911	9
912	10
913	14
914	32
915	11
916	12
917	15
918	11
919	7
920	1
921	1
922	15
923	10
924	7
925	12
926	15
927	4
928	10
929	14
930	27
931	10
932	14
933	9
934	9
935	32
936	20
937	7
938	14
939	14
940	1
941	1
942	7
943	7
944	20
945	20
946	12
947	10
948	7
949	4
950	11
951	14
952	12
953	1
954	9
955	4
956	20
957	20
958	10
959	1
960	11
961	12
962	1
963	9
964	12
965	10
966	10
967	12
968	1
969	1
970	10
971	14
972	14
973	1
974	12
975	14
976	9
977	12
978	9
979	9
980	9
981	12
982	9
983	12
984	9
985	1
986	12
987	1
988	1
989	14
990	10
991	14
992	1
993	1
994	1
995	10
996	14
997	1
998	14
999	1
1000	14
