619	604	1.0
619	455	1.0
619	993	1.0
619	917	1.0
619	996	1.0
619	902	2.0
619	350	1.0
619	852	12.0
619	808	2.0
619	351	1.0
619	982	12.0
619	552	5.0
619	926	4.0
236	943	2.0
236	981	7.0
236	961	13.0
236	509	1.0
236	888	17.0
236	970	6.0
236	964	9.0
236	978	13.0
236	96	3.0
236	973	14.0
509	608	1.0
509	759	1.0
509	953	8.0
509	429	4.0
509	363	1.0
509	639	5.0
509	686	1.0
509	547	8.0
509	551	12.0
509	607	1.0
509	932	8.0
274	860	1.0
274	930	1.0
274	880	1.0
274	713	2.0
274	830	1.0
274	594	3.0
274	627	2.0
274	903	2.0
274	956	3.0
274	940	1.0
275	1000	6.0
275	810	4.0
275	822	7.0
275	892	2.0
275	618	11.0
275	317	5.0
275	927	4.0
275	876	3.0
275	916	2.0
275	976	4.0
947	390	3.0
947	63	9.0
947	489	6.0
947	371	10.0
947	803	1.0
947	715	2.0
947	973	4.0
947	65	16.0
947	765	9.0
947	398	2.0
947	784	4.0
947	609	11.0
947	114	6.0
947	3	8.0
947	835	15.0
947	854	1.0
947	490	1.0
947	850	8.0
947	955	3.0
947	223	2.0
947	970	2.0
947	169	14.0
947	269	1.0
947	380	1.0
947	259	5.0
947	704	1.0
947	727	4.0
947	761	9.0
947	990	2.0
947	922	2.0
947	66	1.0
642	293	4.0
642	354	4.0
642	310	13.0
642	785	3.0
642	290	1.0
642	339	7.0
642	992	6.0
642	300	5.0
642	980	15.0
642	875	1.0
642	730	1.0
642	892	2.0
642	931	3.0
642	598	4.0
561	307	4.0
561	562	1.0
561	929	1.0
561	970	1.0
561	868	1.0
561	239	1.0
561	519	2.0
561	702	1.0
561	259	20.0
561	960	1.0
561	641	8.0
561	915	5.0
800	494	14.0
800	349	3.0
800	84	4.0
800	156	1.0
800	109	2.0
800	371	4.0
800	315	5.0
800	512	1.0
800	486	3.0
800	37	8.0
800	866	1.0
800	855	6.0
800	229	13.0
800	580	1.0
800	737	7.0
800	592	14.0
800	696	8.0
800	942	14.0
65	959	1.0
65	955	9.0
65	847	1.0
65	761	3.0
65	922	3.0
65	103	7.0
65	903	1.0
65	990	3.0
7	299	2.0
7	223	1.0
7	262	1.0
7	822	1.0
7	31	43.0
7	162	6.0
7	285	2.0
7	558	28.0
7	976	3.0
690	979	5.0
690	34	12.0
690	815	11.0
690	871	1.0
690	575	5.0
690	605	1.0
690	960	6.0
690	11	1.0
690	535	2.0
690	491	37.0
690	869	13.0
690	816	6.0
690	621	3.0
690	55	13.0
690	438	4.0
132	12	1.0
132	539	3.0
132	314	2.0
132	948	3.0
132	394	4.0
132	727	10.0
132	411	8.0
132	579	7.0
132	688	9.0
508	919	6.0
508	251	28.0
508	935	6.0
508	996	4.0
508	853	8.0
508	786	4.0
508	110	8.0
508	883	2.0
508	574	25.0
508	854	1.0
508	583	6.0
508	214	1.0
497	370	1.0
497	886	3.0
497	832	3.0
497	979	1.0
497	646	3.0
497	967	1.0
497	613	4.0
497	715	5.0
497	41	3.0
497	423	2.0
497	936	4.0
497	817	3.0
343	640	1.0
343	971	1.0
343	873	4.0
343	658	5.0
343	435	9.0
343	522	3.0
343	1	6.0
343	336	6.0
343	92	2.0
343	1000	2.0
310	23	9.0
310	189	5.0
310	980	5.0
310	659	2.0
310	992	3.0
310	933	2.0
310	986	9.0
310	846	3.0
310	625	1.0
485	994	1.0
485	930	2.0
485	167	3.0
485	119	2.0
485	988	3.0
485	445	1.0
485	940	3.0
485	741	23.0
485	880	4.0
485	796	6.0
485	594	8.0
485	14	4.0
914	270	2.0
914	993	2.0
914	740	2.0
914	755	1.0
914	951	14.0
914	15	4.0
914	462	3.0
914	728	3.0
914	615	5.0
914	912	3.0
914	754	2.0
914	805	3.0
914	687	2.0
914	893	3.0
914	819	3.0
914	607	2.0
914	923	1.0
914	705	1.0
914	487	2.0
914	707	4.0
914	486	1.0
914	442	8.0
914	266	9.0
914	439	3.0
914	965	2.0
774	199	5.0
774	43	13.0
774	609	8.0
774	422	2.0
774	699	3.0
774	377	1.0
774	263	11.0
774	986	17.0
774	393	2.0
774	483	2.0
774	807	8.0
774	775	2.0
774	74	3.0
774	294	11.0
774	857	6.0
774	6	21.0
774	795	5.0
774	2	1.0
334	648	7.0
334	860	2.0
334	934	1.0
334	895	4.0
334	294	3.0
334	975	4.0
334	749	1.0
334	735	7.0
334	881	3.0
334	823	5.0
50	651	1.0
50	672	4.0
50	924	2.0
50	428	2.0
50	137	1.0
50	303	1.0
50	630	22.0
50	996	2.0
50	836	5.0
574	513	1.0
574	919	11.0
574	222	8.0
574	907	3.0
574	935	10.0
574	695	2.0
574	786	11.0
574	110	18.0
574	678	5.0
574	840	18.0
574	965	2.0
574	745	30.0
646	370	5.0
646	906	9.0
646	424	1.0
646	163	3.0
646	967	1.0
646	554	23.0
646	10	2.0
646	495	2.0
646	936	18.0
646	138	10.0
646	588	2.0
646	305	6.0
646	932	3.0
557	460	10.0
557	810	11.0
557	328	1.0
557	500	18.0
557	578	3.0
557	101	2.0
557	171	3.0
557	976	9.0
557	362	3.0
557	420	2.0
557	916	10.0
557	31	14.0
172	847	4.0
172	25	8.0
172	516	2.0
172	761	3.0
172	997	2.0
172	233	2.0
172	922	5.0
172	380	9.0
172	990	1.0
779	759	4.0
779	496	4.0
779	956	2.0
779	639	6.0
779	427	3.0
779	483	6.0
779	112	7.0
779	215	2.0
779	227	3.0
779	402	5.0
779	869	5.0
779	396	5.0
779	666	11.0
779	551	4.0
779	988	3.0
779	529	4.0
779	52	4.0
779	932	2.0
820	206	13.0
820	513	4.0
820	328	4.0
820	813	5.0
820	777	8.0
820	970	8.0
820	992	6.0
820	257	1.0
820	964	6.0
820	446	3.0
820	973	15.0
820	961	1.0
820	510	2.0
820	981	15.0
820	888	6.0
820	53	3.0
820	754	17.0
820	243	1.0
820	804	2.0
288	504	1.0
288	692	8.0
288	949	2.0
288	703	2.0
288	908	7.0
288	1	2.0
288	56	1.0
288	186	1.0
288	2	6.0
288	392	1.0
724	344	1.0
724	890	2.0
724	906	21.0
724	155	1.0
724	755	3.0
724	930	1.0
724	691	10.0
724	468	2.0
724	157	1.0
724	967	3.0
724	305	6.0
724	936	2.0
724	817	1.0
724	614	1.0
724	536	4.0
724	163	34.0
809	888	11.0
809	513	3.0
809	278	3.0
809	777	20.0
809	970	1.0
809	964	3.0
809	995	2.0
809	652	3.0
809	697	3.0
809	961	6.0
809	510	6.0
809	981	4.0
809	623	9.0
809	973	8.0
809	358	10.0
809	791	3.0
809	804	7.0
809	978	1.0
809	656	1.0
943	357	2.0
943	232	18.0
943	658	3.0
943	367	4.0
943	520	3.0
943	668	1.0
943	806	2.0
943	564	1.0
943	863	5.0
943	336	5.0
943	986	16.0
943	845	12.0
943	490	1.0
943	669	10.0
943	971	14.0
943	1000	5.0
943	378	1.0
943	837	6.0
943	147	2.0
943	582	4.0
943	287	7.0
943	514	4.0
943	875	11.0
943	647	22.0
943	907	4.0
943	364	7.0
943	395	1.0
943	285	4.0
943	900	4.0
340	357	10.0
340	300	1.0
340	980	2.0
340	430	5.0
340	933	3.0
340	992	4.0
340	890	7.0
340	526	2.0
340	829	5.0
340	44	5.0
618	759	1.0
618	876	5.0
618	328	1.0
618	822	7.0
618	916	16.0
618	101	10.0
618	976	15.0
618	925	1.0
618	927	4.0
618	706	1.0
618	131	1.0
618	374	1.0
668	616	2.0
668	675	3.0
668	496	2.0
668	121	1.0
668	1000	2.0
668	669	5.0
668	237	5.0
668	964	6.0
668	975	3.0
668	873	4.0
668	863	7.0
668	986	5.0
668	235	3.0
839	229	2.0
839	467	15.0
839	870	1.0
839	992	2.0
839	832	3.0
839	989	7.0
839	555	3.0
839	187	17.0
839	954	9.0
839	767	26.0
839	428	7.0
839	946	1.0
839	923	2.0
839	142	4.0
839	633	19.0
839	917	2.0
839	323	2.0
839	782	29.0
839	844	2.0
839	802	3.0
728	885	3.0
728	939	7.0
728	959	17.0
728	966	1.0
728	660	7.0
728	918	7.0
728	992	1.0
728	681	7.0
728	794	2.0
728	100	5.0
728	729	1.0
728	495	7.0
728	375	2.0
728	451	3.0
728	238	7.0
764	308	8.0
764	982	2.0
764	721	7.0
764	1000	6.0
764	177	12.0
764	506	19.0
764	670	4.0
764	743	1.0
764	624	2.0
764	874	6.0
764	637	1.0
764	891	4.0
764	826	2.0
764	165	5.0
764	877	6.0
764	958	9.0
764	598	14.0
860	823	14.0
860	895	1.0
860	150	5.0
860	242	2.0
860	884	6.0
860	226	10.0
860	527	11.0
860	881	12.0
860	635	1.0
860	332	14.0
860	108	1.0
860	439	2.0
860	221	6.0
860	934	12.0
860	452	2.0
860	376	26.0
860	289	4.0
860	202	8.0
860	730	7.0
327	913	2.0
327	548	3.0
327	977	11.0
327	399	9.0
327	790	1.0
327	905	1.0
327	113	2.0
327	383	7.0
327	846	20.0
327	650	4.0
631	80	7.0
631	721	3.0
631	129	1.0
631	230	21.0
631	670	2.0
631	874	7.0
631	970	1.0
631	624	3.0
631	999	2.0
631	685	4.0
631	614	8.0
631	877	10.0
631	958	1.0
631	814	22.0
445	240	5.0
445	119	2.0
445	620	3.0
445	711	2.0
445	796	2.0
445	780	1.0
445	805	3.0
445	830	1.0
445	971	2.0
445	940	1.0
564	651	3.0
564	759	4.0
564	121	1.0
564	831	1.0
564	907	1.0
564	263	15.0
564	975	5.0
564	64	1.0
564	900	1.0
564	472	4.0
564	986	4.0
564	845	13.0
994	30	12.0
994	278	2.0
994	831	1.0
994	220	1.0
994	991	17.0
994	145	2.0
994	957	1.0
994	686	2.0
994	997	1.0
994	47	25.0
994	880	4.0
994	617	4.0
994	528	1.0
994	142	2.0
994	433	2.0
994	301	7.0
994	938	8.0
994	987	6.0
994	578	1.0
994	798	6.0
994	693	17.0
994	637	2.0
994	379	1.0
994	950	6.0
994	304	8.0
994	904	1.0
994	588	1.0
994	484	10.0
994	638	1.0
994	858	6.0
994	295	14.0
994	321	3.0
994	241	2.0
994	797	2.0
994	319	5.0
994	924	7.0
994	538	1.0
994	159	1.0
994	744	1.0
994	794	8.0
994	124	2.0
994	368	2.0
994	899	8.0
994	965	2.0
994	776	2.0
994	59	2.0
256	562	1.0
256	232	2.0
256	873	3.0
256	431	1.0
256	1000	8.0
256	669	18.0
256	863	1.0
256	97	2.0
256	953	2.0
256	975	8.0
547	987	1.0
547	906	5.0
547	626	1.0
547	952	1.0
547	710	9.0
547	363	1.0
547	838	1.0
547	168	2.0
547	812	10.0
547	82	7.0
547	983	4.0
378	173	10.0
378	416	2.0
378	980	9.0
378	992	4.0
378	933	2.0
378	244	4.0
378	785	1.0
378	353	2.0
378	579	1.0
378	625	1.0
145	987	11.0
145	585	25.0
145	949	1.0
145	532	2.0
145	638	15.0
145	991	4.0
145	637	2.0
145	614	2.0
792	917	1.0
792	949	5.0
792	980	2.0
792	933	1.0
792	436	2.0
792	992	4.0
792	530	1.0
792	306	2.0
792	751	12.0
792	743	4.0
792	987	2.0
792	931	8.0
792	988	2.0
792	430	5.0
792	322	2.0
792	864	2.0
792	963	1.0
792	450	2.0
758	610	2.0
758	644	5.0
758	993	4.0
758	837	6.0
758	928	4.0
758	874	2.0
758	135	3.0
758	42	3.0
758	959	5.0
758	902	8.0
758	134	22.0
758	151	7.0
758	229	1.0
758	982	5.0
758	552	8.0
758	79	8.0
758	392	1.0
252	474	5.0
252	370	2.0
252	923	1.0
252	998	7.0
252	687	1.0
252	893	10.0
252	951	4.0
252	965	2.0
252	819	25.0
252	985	16.0
261	307	26.0
261	500	1.0
261	849	27.0
261	734	15.0
261	872	1.0
261	355	1.0
261	702	11.0
261	581	1.0
261	960	9.0
261	66	4.0
529	913	3.0
529	842	2.0
529	736	5.0
529	338	13.0
529	302	5.0
529	388	2.0
529	988	6.0
529	977	9.0
529	769	12.0
529	432	16.0
529	937	11.0
655	616	2.0
655	923	13.0
655	200	2.0
655	247	10.0
655	951	3.0
655	976	1.0
655	474	10.0
655	442	9.0
655	563	3.0
655	857	1.0
655	965	1.0
655	819	18.0
655	974	5.0
655	848	3.0
577	28	6.0
577	431	1.0
577	115	14.0
577	785	1.0
577	698	7.0
577	269	7.0
577	992	3.0
577	945	6.0
577	522	19.0
577	146	14.0
577	596	9.0
577	818	18.0
577	985	3.0
704	499	2.0
704	223	26.0
704	955	1.0
704	707	1.0
704	835	3.0
704	398	2.0
704	649	6.0
704	967	1.0
704	761	8.0
704	990	1.0
704	986	1.0
704	922	1.0
704	592	8.0
704	583	2.0
258	143	9.0
258	385	7.0
258	568	1.0
258	750	8.0
258	611	9.0
258	35	5.0
258	925	2.0
258	783	2.0
258	51	5.0
258	579	2.0
741	711	10.0
741	684	2.0
741	996	3.0
741	903	13.0
741	535	7.0
741	112	3.0
741	491	2.0
741	940	3.0
741	907	8.0
741	830	1.0
741	796	5.0
741	51	1.0
741	92	28.0
741	337	5.0
741	953	7.0
830	883	11.0
830	21	2.0
830	684	1.0
830	780	4.0
830	837	1.0
830	672	1.0
830	884	1.0
830	930	2.0
830	927	1.0
830	594	4.0
830	694	5.0
830	119	3.0
830	903	8.0
830	880	9.0
830	796	3.0
830	138	2.0
830	400	2.0
272	981	6.0
272	754	2.0
272	677	6.0
272	777	2.0
272	922	2.0
272	856	1.0
272	978	2.0
272	804	17.0
272	888	6.0
272	973	13.0
188	979	4.0
188	962	3.0
188	603	1.0
188	131	23.0
188	135	2.0
188	999	8.0
188	859	3.0
188	417	1.0
188	4	8.0
376	512	3.0
376	895	2.0
376	730	1.0
376	959	1.0
376	934	14.0
376	884	12.0
376	182	1.0
376	527	9.0
376	411	3.0
376	452	16.0
411	862	4.0
411	232	8.0
411	887	14.0
411	446	3.0
411	573	1.0
411	58	3.0
411	948	3.0
411	312	1.0
411	802	4.0
345	931	3.0
345	829	6.0
345	768	7.0
345	980	1.0
345	981	4.0
345	436	2.0
345	265	2.0
345	933	2.0
345	733	2.0
345	784	2.0
184	816	7.0
184	766	6.0
184	575	4.0
184	640	7.0
184	753	15.0
184	780	2.0
184	26	1.0
184	55	3.0
184	537	12.0
429	448	1.0
429	957	2.0
429	980	1.0
429	861	13.0
429	970	1.0
429	826	1.0
429	544	5.0
429	921	6.0
429	427	3.0
429	710	3.0
298	959	12.0
298	701	1.0
298	681	10.0
298	794	8.0
298	908	4.0
298	939	22.0
298	864	2.0
298	749	3.0
298	918	11.0
298	238	11.0
827	868	14.0
827	270	9.0
827	896	1.0
827	765	2.0
827	282	3.0
827	440	6.0
827	581	1.0
827	333	2.0
827	76	5.0
827	95	11.0
827	369	3.0
827	776	14.0
827	955	3.0
827	27	6.0
827	139	1.0
827	195	13.0
827	456	5.0
827	437	3.0
827	605	1.0
827	858	1.0
649	190	3.0
649	955	2.0
649	176	1.0
649	854	10.0
649	789	8.0
649	846	1.0
649	853	1.0
649	990	1.0
649	850	20.0
649	784	7.0
649	996	1.0
649	922	9.0
649	490	3.0
995	514	1.0
995	866	2.0
995	210	11.0
995	941	4.0
995	426	1.0
995	108	6.0
995	567	11.0
995	799	7.0
995	890	5.0
995	388	3.0
995	599	3.0
995	985	5.0
995	719	7.0
995	326	12.0
995	856	5.0
995	294	2.0
995	834	6.0
995	847	2.0
995	289	14.0
995	408	12.0
995	107	1.0
995	484	5.0
995	881	5.0
995	634	1.0
995	878	2.0
995	32	5.0
995	712	11.0
995	983	8.0
995	113	2.0
995	819	1.0
995	632	9.0
995	722	3.0
995	675	16.0
995	989	2.0
995	413	2.0
995	872	2.0
995	952	2.0
995	454	10.0
995	71	9.0
995	944	3.0
995	988	2.0
995	732	8.0
995	968	1.0
995	570	2.0
995	945	1.0
995	998	4.0
995	865	3.0
119	883	4.0
119	880	1.0
119	967	2.0
119	930	9.0
119	903	6.0
119	625	9.0
402	701	2.0
402	682	6.0
402	324	32.0
402	677	6.0
402	371	1.0
402	826	31.0
402	622	15.0
402	72	3.0
402	960	9.0
402	801	6.0
118	38	24.0
118	929	3.0
118	892	5.0
118	931	2.0
118	530	43.0
118	590	10.0
118	691	4.0
118	950	1.0
118	974	1.0
765	913	9.0
765	842	3.0
765	790	2.0
765	493	4.0
765	846	9.0
765	260	14.0
765	545	2.0
765	100	5.0
765	975	2.0
765	67	4.0
765	708	3.0
765	769	1.0
765	140	15.0
765	937	1.0
765	977	13.0
80	624	1.0
80	308	4.0
80	513	1.0
80	721	12.0
80	814	14.0
80	895	1.0
80	958	23.0
80	945	1.0
46	209	4.0
46	545	2.0
46	904	5.0
46	56	2.0
46	309	5.0
46	859	5.0
46	881	1.0
46	984	4.0
46	246	2.0
799	657	2.0
799	514	4.0
799	941	8.0
799	720	6.0
799	192	8.0
799	985	15.0
799	882	6.0
799	404	2.0
799	632	10.0
799	944	1.0
799	732	7.0
799	27	1.0
799	893	2.0
799	983	3.0
799	998	7.0
799	865	15.0
799	989	1.0
436	917	5.0
436	980	24.0
436	911	1.0
436	450	1.0
436	864	1.0
436	375	1.0
436	743	1.0
436	933	3.0
436	572	1.0
971	910	5.0
971	582	5.0
971	831	5.0
971	863	3.0
971	645	2.0
971	756	3.0
971	846	2.0
971	415	1.0
971	961	2.0
971	364	6.0
971	975	7.0
971	336	1.0
971	986	7.0
971	845	6.0
971	874	3.0
971	669	2.0
971	235	2.0
971	431	5.0
971	1000	1.0
971	944	6.0
971	57	4.0
971	185	3.0
971	542	1.0
971	717	3.0
971	464	11.0
971	287	9.0
971	143	4.0
971	640	1.0
971	875	1.0
971	647	9.0
971	472	2.0
971	19	1.0
971	468	4.0
788	190	3.0
788	467	3.0
788	965	5.0
788	740	4.0
788	166	14.0
788	487	5.0
788	923	2.0
788	778	33.0
788	266	15.0
788	32	1.0
788	805	7.0
788	920	3.0
788	893	5.0
788	960	6.0
788	848	10.0
788	819	11.0
788	607	3.0
788	563	3.0
486	680	7.0
486	951	5.0
486	707	2.0
486	563	10.0
486	805	4.0
486	965	1.0
486	819	4.0
486	289	1.0
486	607	3.0
486	848	4.0
311	675	8.0
311	526	11.0
311	786	2.0
311	935	9.0
311	840	13.0
311	811	11.0
311	449	1.0
311	919	4.0
311	695	3.0
311	932	1.0
440	963	5.0
440	300	12.0
440	93	3.0
440	461	4.0
440	453	4.0
440	456	2.0
440	776	9.0
440	629	6.0
440	896	8.0
440	791	17.0
753	722	8.0
753	605	5.0
753	342	28.0
753	575	10.0
753	177	5.0
753	26	4.0
753	206	4.0
753	968	1.0
753	984	6.0
753	975	3.0
753	245	2.0
753	815	7.0
753	491	19.0
753	766	3.0
753	816	2.0
753	983	3.0
29	196	4.0
29	906	6.0
29	662	1.0
29	181	4.0
29	967	5.0
29	936	2.0
29	155	13.0
29	158	1.0
29	401	1.0
416	265	1.0
416	992	4.0
416	511	2.0
416	585	5.0
416	147	1.0
416	353	9.0
416	290	2.0
416	864	1.0
416	70	4.0
416	990	13.0
352	953	7.0
352	471	14.0
352	942	11.0
352	109	11.0
352	516	12.0
352	291	17.0
352	527	1.0
352	592	9.0
352	607	1.0
352	723	6.0
875	90	4.0
875	930	7.0
875	993	1.0
875	831	1.0
875	43	1.0
875	806	3.0
875	975	1.0
875	816	1.0
875	873	5.0
875	863	3.0
875	826	2.0
875	986	2.0
875	395	16.0
875	1000	10.0
875	640	8.0
875	717	7.0
875	287	5.0
875	117	1.0
875	122	3.0
481	281	13.0
481	657	1.0
481	910	7.0
481	939	10.0
481	347	12.0
481	996	2.0
481	36	1.0
481	674	2.0
481	435	1.0
481	843	3.0
481	374	1.0
481	781	3.0
469	88	2.0
469	180	12.0
469	606	3.0
469	560	5.0
469	832	6.0
469	946	5.0
469	978	4.0
469	897	5.0
469	24	1.0
469	633	7.0
469	954	9.0
27	868	10.0
27	896	8.0
27	453	15.0
27	804	4.0
27	791	18.0
27	776	11.0
27	716	1.0
317	917	5.0
317	980	5.0
317	992	1.0
317	79	3.0
317	659	3.0
317	265	2.0
317	933	2.0
317	963	6.0
317	304	5.0
125	946	6.0
125	276	12.0
125	844	3.0
125	413	1.0
125	286	2.0
125	954	2.0
125	927	2.0
125	467	5.0
125	401	1.0
82	363	2.0
82	953	16.0
82	956	9.0
82	869	4.0
82	736	1.0
82	544	7.0
82	951	11.0
82	932	1.0
804	498	7.0
804	777	11.0
804	697	9.0
804	476	4.0
804	978	1.0
804	970	7.0
804	973	1.0
804	964	1.0
804	480	2.0
804	300	2.0
804	961	8.0
804	540	2.0
804	888	8.0
804	395	1.0
804	981	4.0
477	406	25.0
477	961	2.0
477	849	1.0
477	72	2.0
477	998	6.0
477	519	1.0
477	702	1.0
477	302	4.0
477	768	7.0
477	960	4.0
477	915	2.0
477	572	2.0
267	600	10.0
267	959	1.0
267	794	11.0
267	885	3.0
267	192	6.0
267	760	5.0
267	878	13.0
267	998	9.0
267	384	1.0
267	412	11.0
904	173	2.0
904	597	2.0
904	203	3.0
904	62	5.0
904	521	1.0
904	783	1.0
904	897	3.0
904	302	12.0
904	444	3.0
904	973	1.0
904	510	2.0
904	407	1.0
904	476	3.0
904	846	3.0
904	984	4.0
904	209	18.0
904	211	6.0
904	568	1.0
904	593	1.0
904	925	9.0
904	966	13.0
904	673	2.0
170	821	2.0
170	948	1.0
170	887	10.0
170	671	1.0
170	771	15.0
170	49	11.0
170	200	11.0
170	653	13.0
170	45	4.0
155	984	2.0
155	886	1.0
155	754	3.0
155	967	4.0
155	353	3.0
155	449	1.0
155	470	1.0
126	467	1.0
126	997	3.0
126	225	2.0
126	549	1.0
126	555	1.0
126	591	1.0
126	950	4.0
126	938	6.0
126	797	8.0
790	667	5.0
790	913	4.0
790	348	13.0
790	736	8.0
790	591	3.0
790	383	1.0
790	306	2.0
790	204	2.0
790	846	15.0
790	240	20.0
790	262	12.0
790	977	9.0
790	958	4.0
790	140	19.0
790	937	6.0
790	650	10.0
571	862	1.0
571	573	1.0
571	548	1.0
571	887	1.0
571	948	3.0
571	597	8.0
571	853	6.0
571	385	2.0
571	802	7.0
571	727	1.0
571	965	1.0
571	103	4.0
571	45	6.0
441	504	14.0
441	833	1.0
441	910	1.0
441	920	5.0
441	129	19.0
441	907	7.0
441	372	13.0
441	185	16.0
441	61	5.0
441	894	27.0
441	972	2.0
697	600	8.0
697	961	3.0
697	777	19.0
697	970	13.0
697	208	1.0
697	964	27.0
697	852	1.0
697	973	8.0
697	981	6.0
697	888	9.0
697	978	1.0
697	963	1.0
697	813	2.0
614	654	3.0
614	498	1.0
614	874	4.0
614	866	4.0
614	713	10.0
614	677	1.0
614	877	15.0
614	958	3.0
614	911	6.0
614	891	7.0
931	397	5.0
931	354	1.0
931	659	3.0
931	785	1.0
931	353	1.0
931	290	3.0
931	756	3.0
931	292	9.0
931	444	3.0
931	864	4.0
931	259	1.0
931	386	4.0
931	625	16.0
931	917	8.0
931	992	8.0
931	454	4.0
931	829	4.0
931	743	1.0
931	969	1.0
931	714	2.0
931	189	1.0
931	356	20.0
931	246	6.0
931	450	1.0
791	253	2.0
791	896	10.0
791	115	5.0
791	329	1.0
791	219	1.0
791	87	3.0
791	629	6.0
791	369	6.0
791	776	4.0
791	453	2.0
791	195	14.0
791	93	7.0
791	282	11.0
791	124	2.0
791	813	1.0
699	273	33.0
699	775	10.0
699	314	13.0
699	347	2.0
699	612	2.0
699	665	19.0
699	558	1.0
699	795	32.0
699	75	3.0
699	857	8.0
699	6	4.0
699	807	58.0
699	663	15.0
699	911	1.0
238	959	4.0
238	888	2.0
238	805	1.0
238	760	12.0
238	749	7.0
238	939	5.0
238	355	1.0
238	973	1.0
833	550	2.0
833	920	4.0
833	328	3.0
833	129	31.0
833	5	2.0
833	541	1.0
833	372	14.0
833	185	6.0
833	284	10.0
833	659	5.0
833	894	16.0
833	482	1.0
833	153	4.0
833	747	5.0
833	136	3.0
833	907	1.0
833	195	4.0
833	723	5.0
833	503	4.0
223	850	14.0
223	371	19.0
223	761	11.0
223	817	1.0
223	789	17.0
223	956	2.0
223	990	5.0
662	993	1.0
662	530	11.0
662	698	1.0
662	71	4.0
662	825	12.0
662	97	16.0
662	909	4.0
662	974	2.0
662	817	5.0
662	243	3.0
662	628	6.0
662	465	3.0
662	676	3.0
545	913	1.0
545	120	19.0
545	17	4.0
545	807	1.0
545	601	13.0
545	228	1.0
545	769	3.0
545	260	5.0
545	937	16.0
545	977	7.0
410	988	8.0
410	944	13.0
410	890	2.0
410	643	5.0
410	989	7.0
410	968	7.0
410	998	6.0
410	985	4.0
410	958	12.0
410	355	2.0
410	683	3.0
476	841	1.0
476	898	1.0
476	99	8.0
476	705	2.0
476	966	6.0
476	679	9.0
476	280	1.0
476	74	8.0
476	925	2.0
476	978	19.0
772	248	2.0
772	218	7.0
772	709	4.0
772	886	1.0
772	230	4.0
772	257	2.0
772	872	2.0
772	639	2.0
772	523	8.0
772	420	1.0
772	276	14.0
772	775	2.0
772	447	10.0
772	19	2.0
772	905	4.0
772	451	1.0
772	417	4.0
772	650	1.0
835	955	1.0
835	398	2.0
835	929	3.0
835	117	4.0
835	922	2.0
835	22	4.0
835	761	9.0
835	990	2.0
835	87	4.0
835	114	3.0
835	847	9.0
835	41	5.0
835	205	1.0
835	3	1.0
835	93	1.0
835	921	2.0
835	978	3.0
835	490	1.0
480	83	4.0
480	115	12.0
480	217	2.0
480	902	2.0
480	533	19.0
480	671	7.0
480	322	8.0
480	818	18.0
480	945	12.0
480	733	3.0
480	720	8.0
96	902	6.0
96	982	10.0
96	889	46.0
96	243	11.0
96	926	11.0
96	751	4.0
96	700	10.0
96	993	13.0
405	821	2.0
405	460	4.0
405	620	5.0
405	876	12.0
405	895	1.0
405	601	4.0
405	927	2.0
405	966	2.0
405	169	6.0
405	101	10.0
405	976	1.0
60	606	1.0
60	966	3.0
60	611	10.0
60	871	1.0
60	719	2.0
60	53	8.0
60	588	4.0
60	972	1.0
60	984	3.0
565	731	2.0
565	910	5.0
565	810	2.0
565	674	1.0
565	672	1.0
565	969	4.0
565	952	3.0
565	333	12.0
565	505	1.0
565	450	1.0
565	879	5.0
565	938	1.0
565	515	6.0
965	923	1.0
965	822	1.0
965	740	1.0
965	247	19.0
965	951	4.0
965	615	2.0
965	502	2.0
965	918	1.0
965	396	5.0
965	942	5.0
965	805	3.0
965	893	4.0
965	687	4.0
965	200	4.0
965	819	1.0
965	607	4.0
965	283	1.0
965	487	2.0
965	954	1.0
965	707	1.0
965	474	3.0
965	778	13.0
965	266	1.0
965	439	1.0
965	848	2.0
965	59	1.0
965	563	10.0
776	253	5.0
776	270	18.0
776	456	7.0
776	908	4.0
776	896	9.0
776	868	4.0
776	282	8.0
776	93	5.0
776	876	2.0
776	67	1.0
776	453	7.0
776	909	1.0
776	437	1.0
255	414	1.0
255	840	4.0
255	745	2.0
255	863	2.0
255	372	3.0
255	919	11.0
255	811	6.0
255	935	6.0
255	999	3.0
255	853	2.0
573	862	1.0
573	868	3.0
573	887	1.0
573	902	2.0
573	187	2.0
573	653	2.0
573	802	2.0
573	463	11.0
573	394	1.0
573	948	2.0
573	752	2.0
964	513	4.0
964	498	4.0
964	740	1.0
964	927	6.0
964	970	17.0
964	973	6.0
964	502	4.0
964	475	8.0
964	754	7.0
964	201	1.0
964	888	5.0
964	419	4.0
964	108	4.0
964	978	1.0
964	876	6.0
964	998	6.0
964	961	5.0
964	813	10.0
964	777	12.0
964	318	11.0
964	870	1.0
964	110	2.0
964	206	3.0
964	391	8.0
964	652	1.0
964	981	1.0
964	241	19.0
964	840	1.0
964	843	3.0
885	928	1.0
885	664	1.0
885	660	5.0
885	924	2.0
885	681	15.0
885	794	8.0
885	100	2.0
885	495	12.0
885	760	2.0
885	254	7.0
885	956	1.0
885	600	4.0
885	762	2.0
885	959	3.0
885	749	27.0
885	316	7.0
885	714	7.0
885	878	4.0
885	64	2.0
885	771	4.0
109	112	2.0
109	942	5.0
109	291	5.0
109	708	6.0
109	512	9.0
109	488	11.0
109	723	20.0
719	514	2.0
719	890	18.0
719	989	3.0
719	928	2.0
719	834	3.0
719	985	5.0
719	927	3.0
719	579	1.0
719	990	8.0
719	988	4.0
719	558	5.0
719	294	1.0
719	570	1.0
719	998	4.0
163	936	14.0
163	423	9.0
163	755	6.0
163	817	23.0
163	967	4.0
163	566	3.0
163	836	2.0
736	913	3.0
736	383	1.0
736	424	17.0
736	372	1.0
736	789	1.0
736	846	6.0
736	553	2.0
736	842	1.0
736	369	1.0
736	977	5.0
736	399	3.0
736	479	4.0
736	937	2.0
712	535	2.0
712	675	3.0
712	989	1.0
712	928	4.0
712	388	4.0
712	834	4.0
712	985	2.0
712	88	1.0
712	923	1.0
712	988	5.0
712	32	1.0
712	983	2.0
712	879	4.0
712	742	7.0
104	38	5.0
104	193	4.0
104	909	7.0
104	892	16.0
104	595	1.0
104	689	13.0
104	929	11.0
104	590	14.0
104	974	5.0
412	959	16.0
412	918	19.0
412	794	2.0
412	693	1.0
412	939	7.0
412	762	48.0
412	394	2.0
412	878	16.0
412	355	21.0
412	341	3.0
240	601	8.0
240	977	5.0
240	846	3.0
240	516	1.0
240	739	11.0
240	493	3.0
240	842	8.0
240	650	1.0
957	585	6.0
957	746	13.0
957	584	3.0
957	518	6.0
957	33	1.0
957	220	5.0
957	590	1.0
957	997	4.0
957	744	4.0
957	686	3.0
957	178	2.0
957	738	2.0
957	224	1.0
957	858	4.0
957	321	5.0
957	278	3.0
957	991	2.0
957	815	1.0
957	368	1.0
957	433	1.0
957	901	3.0
957	9	3.0
957	81	9.0
957	987	1.0
957	157	25.0
957	442	2.0
957	693	3.0
957	638	2.0
957	938	3.0
957	950	1.0
957	106	3.0
754	813	1.0
754	970	11.0
754	916	2.0
754	978	2.0
754	391	1.0
754	652	14.0
754	981	3.0
754	241	9.0
754	961	5.0
754	973	13.0
754	219	7.0
754	832	1.0
805	923	3.0
805	200	6.0
805	989	7.0
805	954	11.0
805	951	4.0
805	474	4.0
805	292	10.0
805	439	3.0
805	687	3.0
805	893	3.0
805	395	6.0
805	607	4.0
805	848	2.0
98	982	14.0
98	902	16.0
98	711	7.0
98	993	1.0
98	967	2.0
98	42	3.0
98	382	1.0
98	926	7.0
98	89	4.0
498	961	3.0
498	216	5.0
498	970	1.0
498	882	3.0
498	446	7.0
498	973	2.0
498	510	6.0
498	981	1.0
498	978	9.0
622	562	9.0
622	500	7.0
622	849	12.0
622	570	2.0
622	705	4.0
622	748	4.0
622	259	6.0
622	918	1.0
622	133	2.0
622	122	3.0
622	915	4.0
622	960	8.0
656	597	3.0
656	929	18.0
656	689	6.0
656	212	49.0
656	950	2.0
656	465	11.0
656	825	5.0
656	306	5.0
656	17	18.0
656	901	2.0
656	892	26.0
656	628	11.0
656	974	16.0
244	864	6.0
244	350	5.0
244	980	1.0
244	785	3.0
244	290	1.0
244	354	4.0
244	598	13.0
244	783	5.0
244	430	11.0
120	977	6.0
120	937	11.0
120	424	18.0
120	348	12.0
120	951	3.0
120	432	7.0
120	301	2.0
120	968	13.0
68	685	14.0
68	763	3.0
68	543	8.0
68	443	9.0
68	404	3.0
68	116	3.0
68	663	2.0
68	901	1.0
68	773	4.0
636	307	2.0
636	855	9.0
636	808	11.0
636	851	7.0
636	380	1.0
636	803	8.0
636	901	9.0
636	341	8.0
636	466	5.0
636	685	10.0
636	763	2.0
636	729	9.0
636	602	3.0
636	214	1.0
528	180	2.0
528	866	3.0
528	851	2.0
528	576	6.0
528	9	4.0
528	624	5.0
528	817	1.0
528	814	12.0
528	877	23.0
528	598	3.0
528	911	2.0
521	483	1.0
521	966	7.0
521	250	3.0
521	871	6.0
521	615	1.0
521	897	4.0
521	806	1.0
521	209	9.0
521	193	2.0
521	453	3.0
521	793	11.0
601	493	1.0
601	846	11.0
601	209	4.0
601	211	6.0
601	262	4.0
601	977	3.0
601	399	1.0
601	769	8.0
601	552	2.0
601	937	3.0
568	548	13.0
568	342	31.0
568	62	1.0
568	984	1.0
568	989	4.0
568	897	1.0
568	312	1.0
568	750	2.0
568	972	2.0
568	444	3.0
568	883	1.0
533	62	1.0
533	720	6.0
533	698	1.0
533	927	2.0
533	283	32.0
533	945	1.0
533	322	2.0
533	473	1.0
533	95	15.0
533	553	7.0
533	40	3.0
847	190	23.0
847	955	1.0
847	808	2.0
847	25	11.0
847	850	6.0
847	604	2.0
847	834	1.0
847	390	11.0
847	789	14.0
847	901	2.0
847	715	10.0
847	114	11.0
847	975	1.0
847	205	9.0
847	990	1.0
847	761	4.0
761	850	5.0
761	984	1.0
761	849	2.0
761	36	1.0
761	784	2.0
761	380	5.0
761	453	1.0
761	621	1.0
761	990	1.0
761	922	5.0
266	474	7.0
266	923	3.0
266	962	1.0
266	496	5.0
266	227	2.0
266	951	3.0
266	819	11.0
395	616	12.0
395	160	3.0
395	647	1.0
395	512	1.0
395	717	1.0
395	1000	5.0
395	975	1.0
742	560	21.0
742	870	6.0
742	832	1.0
742	555	5.0
742	617	1.0
742	242	2.0
742	954	4.0
742	587	3.0
742	457	1.0
742	768	1.0
742	510	1.0
742	228	2.0
742	782	3.0
742	844	16.0
742	879	1.0
742	432	1.0
604	993	5.0
604	902	2.0
604	599	6.0
604	89	13.0
604	385	1.0
604	718	2.0
604	972	1.0
604	889	4.0
604	852	6.0
604	982	6.0
604	926	1.0
338	913	4.0
338	264	8.0
338	977	4.0
338	575	6.0
338	842	2.0
338	165	2.0
338	140	11.0
338	769	1.0
338	351	2.0
33	987	1.0
33	930	3.0
33	899	9.0
33	540	3.0
33	991	7.0
33	538	5.0
33	693	5.0
33	287	1.0
658	616	4.0
658	264	1.0
658	1000	2.0
658	519	1.0
658	900	1.0
658	157	1.0
658	8	1.0
658	425	2.0
658	336	12.0
658	389	8.0
658	468	1.0
658	435	3.0
371	190	43.0
371	955	15.0
371	900	1.0
371	519	1.0
371	922	1.0
371	715	14.0
371	990	5.0
100	760	9.0
100	918	3.0
100	840	3.0
100	857	1.0
100	175	5.0
100	959	2.0
729	448	1.0
729	543	14.0
729	466	10.0
729	42	2.0
729	683	1.0
729	901	3.0
729	851	2.0
729	415	2.0
729	763	2.0
729	478	4.0
729	685	4.0
729	988	2.0
729	844	1.0
729	773	1.0
389	987	5.0
389	211	13.0
389	203	5.0
389	984	8.0
389	925	3.0
389	309	2.0
389	841	11.0
389	966	6.0
389	581	2.0
389	750	3.0
883	253	1.0
883	780	8.0
883	627	10.0
883	535	2.0
883	711	5.0
883	796	26.0
883	32	6.0
883	337	10.0
883	559	10.0
883	21	7.0
883	279	1.0
883	315	6.0
883	694	11.0
883	652	1.0
883	112	9.0
883	594	10.0
883	903	3.0
883	940	3.0
200	740	5.0
200	207	5.0
200	951	8.0
200	707	23.0
200	563	16.0
819	615	3.0
819	549	1.0
819	951	4.0
819	462	9.0
819	653	1.0
819	130	4.0
819	474	5.0
819	778	7.0
819	579	1.0
819	893	8.0
819	707	1.0
88	894	2.0
88	920	7.0
88	550	3.0
88	907	4.0
88	594	1.0
88	284	3.0
88	569	7.0
989	90	5.0
989	941	3.0
989	857	2.0
989	972	3.0
989	988	9.0
989	331	19.0
989	812	1.0
989	948	3.0
989	890	3.0
989	216	1.0
989	985	2.0
989	210	4.0
989	856	4.0
989	194	7.0
989	294	4.0
989	834	2.0
989	289	12.0
989	732	5.0
989	928	7.0
989	408	3.0
989	596	5.0
989	979	3.0
989	107	6.0
989	930	2.0
989	968	3.0
989	773	2.0
989	983	3.0
989	632	1.0
989	675	6.0
989	998	5.0
989	454	2.0
989	716	8.0
989	567	7.0
989	944	1.0
989	643	5.0
989	882	1.0
989	570	1.0
516	471	15.0
516	920	2.0
516	37	6.0
516	488	7.0
516	787	1.0
516	942	5.0
516	229	2.0
516	592	2.0
516	723	2.0
992	290	4.0
992	306	7.0
992	463	8.0
992	864	1.0
992	917	5.0
992	711	4.0
992	933	4.0
992	785	3.0
992	189	3.0
992	197	2.0
992	963	3.0
992	848	2.0
992	397	1.0
992	354	4.0
992	659	1.0
992	353	3.0
992	403	7.0
992	751	4.0
992	990	2.0
992	829	1.0
992	935	4.0
992	116	1.0
992	625	8.0
992	991	3.0
992	293	5.0
992	147	1.0
992	587	3.0
992	300	8.0
992	743	4.0
992	946	2.0
992	386	2.0
992	511	5.0
992	999	4.0
992	246	3.0
992	733	3.0
487	324	2.0
487	740	3.0
487	874	2.0
487	707	13.0
487	615	1.0
487	778	23.0
487	396	8.0
487	309	2.0
487	277	4.0
454	514	1.0
454	467	1.0
454	108	13.0
454	928	14.0
454	856	5.0
454	998	1.0
454	890	2.0
454	44	9.0
282	253	8.0
282	876	1.0
282	868	10.0
282	219	20.0
282	706	10.0
282	897	5.0
282	896	5.0
287	955	1.0
287	638	2.0
287	708	28.0
287	900	5.0
287	756	15.0
287	425	2.0
504	949	2.0
504	513	5.0
504	908	2.0
504	680	3.0
504	382	6.0
504	461	16.0
504	534	6.0
504	139	2.0
504	409	16.0
504	70	3.0
946	248	2.0
946	180	8.0
946	606	16.0
946	870	2.0
946	418	1.0
946	187	7.0
946	242	10.0
946	286	2.0
946	228	9.0
946	560	2.0
946	198	27.0
946	428	4.0
946	782	32.0
946	986	1.0
946	844	1.0
946	608	2.0
946	617	4.0
946	832	2.0
946	315	5.0
946	954	6.0
946	587	1.0
946	442	1.0
946	984	2.0
946	142	3.0
946	633	1.0
946	768	1.0
946	748	3.0
770	492	1.0
770	949	1.0
770	982	6.0
770	518	2.0
770	489	1.0
770	837	6.0
770	135	9.0
770	69	9.0
770	902	4.0
770	350	5.0
770	889	6.0
770	900	4.0
770	926	8.0
770	55	3.0
770	552	8.0
770	696	1.0
770	993	5.0
179	562	5.0
179	801	8.0
179	489	15.0
179	85	2.0
179	915	9.0
179	960	1.0
179	682	5.0
179	680	4.0
179	734	1.0
103	850	3.0
103	854	1.0
103	398	1.0
103	867	3.0
103	538	7.0
103	955	4.0
103	990	2.0
903	780	1.0
903	868	1.0
903	930	2.0
903	735	1.0
903	815	2.0
903	796	1.0
903	940	3.0
903	85	11.0
903	625	1.0
903	535	1.0
903	711	16.0
903	895	7.0
903	802	3.0
903	880	1.0
903	112	9.0
903	909	1.0
903	594	8.0
903	92	32.0
59	991	13.0
59	798	2.0
59	899	3.0
59	1000	4.0
59	997	5.0
59	922	2.0
59	744	3.0
401	979	4.0
401	755	5.0
401	335	16.0
401	936	7.0
401	396	2.0
401	817	3.0
401	967	12.0
401	691	1.0
401	536	1.0
30	23	3.0
30	196	4.0
30	532	1.0
30	997	1.0
30	124	11.0
30	987	15.0
30	850	3.0
30	858	7.0
514	818	3.0
514	834	19.0
514	985	10.0
514	988	9.0
514	940	3.0
514	865	15.0
514	998	5.0
90	1000	1.0
90	986	3.0
90	900	10.0
90	541	2.0
90	932	1.0
90	806	7.0
90	647	4.0
226	648	1.0
226	884	15.0
226	895	6.0
226	730	7.0
226	924	1.0
226	934	18.0
226	966	1.0
226	824	4.0
226	735	3.0
215	273	8.0
215	684	7.0
215	869	2.0
215	227	18.0
215	861	6.0
215	358	14.0
215	584	20.0
215	975	2.0
215	953	5.0
993	492	8.0
993	62	1.0
993	644	19.0
993	627	2.0
993	613	2.0
993	747	6.0
993	430	2.0
993	428	2.0
993	518	4.0
993	982	16.0
993	632	4.0
993	141	3.0
993	455	4.0
993	837	1.0
993	135	17.0
993	89	1.0
993	718	6.0
993	134	2.0
993	852	4.0
993	105	2.0
993	926	6.0
993	69	1.0
993	453	2.0
993	1	2.0
993	377	1.0
993	700	2.0
993	350	3.0
993	816	1.0
993	552	2.0
993	392	6.0
993	610	3.0
993	34	1.0
993	42	9.0
993	744	3.0
993	167	5.0
993	48	4.0
993	889	10.0
993	79	3.0
831	1000	1.0
831	431	2.0
831	550	2.0
831	117	7.0
831	166	4.0
831	863	2.0
831	157	7.0
831	639	12.0
831	873	3.0
831	64	1.0
831	425	4.0
831	940	1.0
831	271	1.0
831	708	2.0
831	986	1.0
831	845	2.0
284	585	3.0
284	153	12.0
284	593	4.0
284	540	1.0
284	372	5.0
284	726	1.0
284	933	3.0
284	569	18.0
43	609	6.0
43	857	75.0
43	978	2.0
43	663	1.0
43	148	2.0
43	384	2.0
43	393	7.0
408	985	21.0
408	988	3.0
408	899	2.0
408	354	6.0
408	882	2.0
408	834	2.0
408	983	3.0
408	865	3.0
408	766	4.0
821	460	4.0
821	299	2.0
821	876	2.0
821	927	1.0
821	212	2.0
821	185	1.0
821	916	17.0
821	976	5.0
821	57	3.0
821	8	10.0
821	304	2.0
821	231	3.0
821	162	2.0
821	254	2.0
821	950	1.0
821	374	21.0
821	822	3.0
924	144	1.0
924	952	1.0
924	969	5.0
924	584	1.0
924	630	1.0
924	829	2.0
924	249	3.0
924	867	4.0
924	373	2.0
924	539	1.0
924	983	5.0
924	473	8.0
924	958	2.0
924	879	2.0
924	556	4.0
924	674	1.0
924	599	8.0
924	996	2.0
924	525	8.0
924	134	1.0
924	726	4.0
924	843	2.0
924	515	19.0
686	991	4.0
686	980	2.0
686	549	9.0
686	538	3.0
686	339	34.0
686	997	3.0
686	987	4.0
686	672	3.0
686	637	9.0
686	899	4.0
686	379	16.0
686	824	2.0
747	483	3.0
747	492	3.0
747	69	7.0
747	613	8.0
747	700	7.0
747	905	5.0
747	167	1.0
747	718	1.0
747	350	1.0
747	189	2.0
747	889	1.0
747	644	6.0
747	829	7.0
747	552	30.0
747	926	6.0
730	884	16.0
730	895	3.0
730	150	33.0
730	755	1.0
730	881	12.0
730	735	3.0
730	438	11.0
730	221	2.0
730	76	1.0
730	934	1.0
730	332	3.0
730	589	2.0
85	930	1.0
85	141	3.0
85	684	3.0
85	780	3.0
85	21	8.0
85	880	1.0
85	464	1.0
596	828	15.0
596	818	8.0
596	208	5.0
596	217	8.0
596	366	12.0
596	269	9.0
596	945	4.0
596	522	22.0
596	863	3.0
596	553	23.0
596	154	20.0
473	731	1.0
473	867	5.0
473	373	7.0
473	682	3.0
473	539	11.0
473	996	6.0
473	106	1.0
473	630	3.0
473	333	1.0
102	894	1.0
102	672	1.0
102	910	12.0
102	879	9.0
102	674	8.0
102	787	3.0
102	451	5.0
102	630	6.0
102	952	2.0
222	701	1.0
222	899	2.0
222	840	9.0
222	935	2.0
222	786	11.0
222	811	8.0
222	853	4.0
222	919	13.0
222	198	7.0
886	370	1.0
886	232	1.0
886	906	2.0
886	755	3.0
886	882	5.0
886	645	3.0
886	751	1.0
886	339	2.0
886	936	14.0
886	536	1.0
886	138	3.0
886	305	5.0
886	344	3.0
886	554	17.0
886	335	10.0
886	691	14.0
886	984	2.0
886	470	3.0
886	449	7.0
745	759	4.0
745	176	8.0
745	110	5.0
745	811	13.0
745	954	4.0
745	695	13.0
745	853	17.0
745	919	10.0
745	840	11.0
745	935	18.0
745	149	5.0
745	786	2.0
745	986	1.0
745	111	3.0
745	911	1.0
739	562	2.0
739	230	1.0
739	674	2.0
739	849	10.0
739	702	7.0
739	302	4.0
739	990	3.0
739	463	5.0
739	677	12.0
739	748	3.0
739	960	9.0
739	682	1.0
739	915	1.0
739	589	5.0
739	734	3.0
679	667	2.0
679	979	4.0
679	984	1.0
679	985	2.0
679	966	2.0
679	715	1.0
679	56	5.0
679	972	2.0
679	867	1.0
679	611	1.0
679	35	5.0
679	925	1.0
679	999	2.0
679	793	1.0
493	383	17.0
493	714	1.0
493	977	2.0
493	478	3.0
493	844	2.0
493	877	2.0
493	769	1.0
493	260	3.0
493	937	3.0
151	357	2.0
151	684	2.0
151	917	7.0
151	13	1.0
151	127	4.0
151	905	19.0
151	824	1.0
151	999	1.0
379	174	4.0
379	997	1.0
379	797	1.0
379	549	8.0
379	562	1.0
379	950	4.0
379	963	4.0
379	433	7.0
379	676	1.0
663	199	4.0
663	342	3.0
663	314	26.0
663	665	13.0
663	775	24.0
663	795	3.0
663	609	11.0
663	857	11.0
663	708	7.0
663	361	8.0
663	807	9.0
374	654	3.0
374	8	7.0
374	810	13.0
374	135	1.0
374	31	14.0
374	254	8.0
374	927	19.0
374	976	24.0
569	167	2.0
569	5	3.0
569	541	5.0
569	372	12.0
569	907	4.0
569	488	6.0
569	695	2.0
569	78	3.0
569	517	7.0
569	877	2.0
569	894	18.0
616	841	2.0
616	908	1.0
616	1000	1.0
616	975	3.0
616	756	1.0
616	160	5.0
616	593	3.0
616	435	10.0
616	64	1.0
99	991	2.0
99	86	8.0
99	898	2.0
99	506	1.0
99	309	2.0
99	966	3.0
99	588	1.0
99	198	2.0
443	385	7.0
443	862	1.0
443	972	6.0
443	250	1.0
443	35	1.0
443	925	1.0
443	984	1.0
443	398	1.0
443	546	1.0
443	91	3.0
204	936	2.0
204	639	5.0
204	967	1.0
204	817	3.0
204	449	4.0
204	691	3.0
204	598	5.0
204	305	2.0
920	367	7.0
920	129	9.0
920	5	9.0
920	372	3.0
920	907	2.0
920	482	3.0
920	153	2.0
920	638	2.0
920	78	8.0
920	816	2.0
920	3	8.0
920	894	5.0
920	331	2.0
920	191	2.0
920	141	2.0
920	541	12.0
920	24	2.0
920	974	2.0
920	540	6.0
920	517	5.0
920	503	12.0
916	644	4.0
916	299	1.0
916	876	10.0
916	822	11.0
916	47	7.0
916	927	2.0
916	695	1.0
916	558	3.0
916	620	3.0
916	495	1.0
916	303	4.0
916	254	9.0
916	123	1.0
916	810	4.0
916	328	4.0
916	777	2.0
916	8	5.0
916	268	1.0
916	976	8.0
916	6	8.0
916	162	2.0
178	909	1.0
178	207	3.0
178	921	1.0
178	929	19.0
178	825	5.0
178	4	10.0
178	974	2.0
178	468	9.0
660	906	2.0
660	939	9.0
660	762	16.0
660	959	2.0
660	587	1.0
660	749	21.0
660	133	7.0
660	825	5.0
660	918	9.0
660	495	47.0
660	760	7.0
660	351	4.0
195	245	5.0
195	629	45.0
195	896	5.0
195	868	16.0
195	61	5.0
195	333	5.0
387	75	6.0
387	866	2.0
387	958	6.0
387	136	3.0
387	670	1.0
387	874	1.0
387	165	1.0
387	814	11.0
387	682	2.0
387	906	2.0
387	911	8.0
938	997	3.0
938	367	3.0
938	746	3.0
938	549	2.0
938	220	2.0
938	825	1.0
938	653	3.0
938	715	1.0
938	735	1.0
938	576	1.0
938	77	6.0
938	738	8.0
938	47	3.0
938	899	1.0
938	624	1.0
938	987	6.0
938	797	1.0
938	996	4.0
938	744	3.0
938	23	1.0
938	693	1.0
938	637	2.0
938	950	1.0
938	991	2.0
938	858	4.0
955	190	11.0
955	952	1.0
955	789	7.0
955	784	4.0
955	87	3.0
955	426	2.0
955	980	1.0
955	773	3.0
955	990	2.0
955	31	6.0
955	737	6.0
955	854	2.0
955	458	1.0
955	490	3.0
955	499	3.0
955	456	8.0
955	25	3.0
955	850	12.0
955	802	3.0
955	922	12.0
955	63	2.0
955	380	3.0
955	715	7.0
887	597	7.0
887	247	2.0
887	941	2.0
887	653	10.0
887	802	19.0
887	878	2.0
887	688	2.0
887	322	4.0
887	394	29.0
887	752	3.0
887	862	1.0
887	948	2.0
887	548	7.0
887	49	10.0
887	942	1.0
887	727	1.0
887	6	1.0
887	676	1.0
887	45	3.0
380	850	12.0
380	22	14.0
380	981	1.0
380	986	1.0
380	390	5.0
380	990	9.0
413	142	9.0
413	606	1.0
413	768	2.0
413	832	10.0
413	555	2.0
413	187	4.0
413	782	1.0
413	161	1.0
413	650	13.0
323	467	34.0
323	958	3.0
323	555	6.0
323	617	8.0
323	782	8.0
323	954	2.0
323	767	9.0
323	665	4.0
323	458	1.0
918	939	7.0
918	846	1.0
918	316	9.0
918	836	2.0
918	681	3.0
918	794	4.0
918	756	1.0
918	495	25.0
918	760	2.0
918	559	1.0
918	600	8.0
918	762	3.0
918	959	18.0
918	749	2.0
918	355	24.0
918	624	1.0
918	714	13.0
918	878	8.0
918	375	2.0
652	961	3.0
652	813	6.0
652	970	3.0
652	973	1.0
652	523	1.0
652	502	2.0
652	981	1.0
652	978	1.0
652	158	1.0
652	503	1.0
471	494	10.0
471	962	5.0
471	696	4.0
471	677	4.0
471	942	23.0
471	990	2.0
471	433	1.0
471	40	5.0
471	737	4.0
962	248	2.0
962	357	15.0
962	349	4.0
962	969	2.0
962	257	3.0
962	127	6.0
962	595	5.0
962	635	13.0
962	523	8.0
962	12	3.0
962	447	9.0
962	853	3.0
962	13	1.0
962	361	1.0
962	979	3.0
962	314	1.0
962	330	2.0
962	183	1.0
962	230	7.0
962	216	3.0
962	872	2.0
962	169	1.0
962	542	10.0
962	984	3.0
962	661	1.0
962	276	3.0
962	977	1.0
962	360	3.0
962	999	2.0
962	566	4.0
962	131	12.0
199	414	2.0
199	775	1.0
199	867	1.0
199	25	3.0
199	807	3.0
199	263	2.0
199	314	36.0
435	923	1.0
435	64	2.0
435	364	4.0
435	13	1.0
435	863	2.0
435	806	5.0
435	900	8.0
892	689	2.0
892	73	3.0
892	825	7.0
892	523	2.0
892	681	2.0
892	909	1.0
892	243	4.0
892	628	25.0
892	974	6.0
892	657	1.0
892	970	5.0
892	212	23.0
892	530	8.0
892	17	11.0
892	757	5.0
892	404	2.0
892	71	5.0
892	926	2.0
570	123	1.0
570	556	11.0
570	107	1.0
570	985	2.0
570	968	3.0
570	928	3.0
570	294	15.0
570	998	1.0
570	960	3.0
489	307	8.0
489	734	2.0
489	506	2.0
489	302	2.0
489	524	8.0
489	748	47.0
489	826	10.0
489	682	7.0
489	537	2.0
950	701	1.0
950	720	2.0
950	549	1.0
950	484	4.0
950	991	4.0
950	501	1.0
950	77	2.0
950	997	10.0
950	738	5.0
950	224	5.0
950	858	7.0
950	746	6.0
950	648	1.0
950	1000	7.0
950	347	3.0
950	319	1.0
950	952	3.0
950	301	4.0
950	81	9.0
950	987	3.0
950	798	3.0
950	693	10.0
950	733	1.0
950	106	15.0
733	180	1.0
733	397	7.0
733	980	4.0
733	919	1.0
733	917	1.0
733	785	3.0
733	353	2.0
733	873	1.0
733	511	4.0
733	933	1.0
733	864	3.0
733	963	1.0
79	167	3.0
79	902	7.0
79	818	10.0
79	982	4.0
79	51	11.0
79	301	3.0
357	153	4.0
357	999	4.0
357	531	1.0
357	905	7.0
357	872	2.0
357	635	28.0
949	692	5.0
949	703	8.0
949	908	5.0
949	1	1.0
949	917	2.0
949	664	7.0
949	645	1.0
949	635	14.0
949	174	4.0
949	507	12.0
949	271	6.0
949	418	23.0
949	409	1.0
949	913	3.0
949	461	5.0
949	335	8.0
949	939	1.0
949	912	1.0
949	933	3.0
949	680	1.0
949	382	2.0
949	196	18.0
949	139	22.0
949	534	9.0
949	855	1.0
949	572	4.0
780	930	10.0
780	711	2.0
780	279	2.0
780	627	3.0
780	101	2.0
780	694	24.0
780	193	1.0
780	940	4.0
780	21	2.0
780	796	3.0
780	969	2.0
780	926	2.0
348	913	29.0
348	39	1.0
348	977	5.0
348	399	2.0
348	424	11.0
348	801	1.0
348	432	7.0
348	661	2.0
257	979	4.0
257	867	3.0
257	230	3.0
257	58	2.0
257	999	7.0
257	183	8.0
257	824	1.0
695	654	1.0
695	451	1.0
695	919	10.0
695	811	7.0
695	935	4.0
695	691	2.0
695	786	6.0
695	251	17.0
695	149	3.0
695	526	19.0
715	499	9.0
715	398	2.0
715	789	4.0
715	784	4.0
715	990	3.0
715	944	2.0
715	41	5.0
715	490	1.0
807	775	11.0
807	314	8.0
807	422	16.0
807	368	6.0
807	665	4.0
807	393	7.0
807	778	2.0
807	32	1.0
807	609	5.0
807	941	3.0
807	6	20.0
807	795	4.0
807	148	10.0
807	813	1.0
535	711	5.0
535	684	5.0
535	208	3.0
535	694	11.0
535	280	2.0
535	980	1.0
535	940	4.0
539	191	1.0
539	910	2.0
539	961	7.0
539	896	3.0
539	969	1.0
539	952	1.0
539	996	9.0
539	879	3.0
539	451	1.0
160	639	1.0
160	1000	8.0
160	647	11.0
160	975	12.0
160	986	14.0
160	613	1.0
160	900	3.0
794	979	2.0
794	319	2.0
794	316	1.0
794	878	8.0
794	939	3.0
794	959	10.0
794	175	3.0
794	873	4.0
794	133	1.0
794	375	1.0
794	974	1.0
997	63	2.0
997	278	3.0
997	549	9.0
997	928	1.0
997	220	1.0
997	991	7.0
997	77	3.0
997	738	9.0
997	898	1.0
997	216	1.0
997	368	11.0
997	612	2.0
997	433	1.0
997	987	2.0
997	134	2.0
997	295	13.0
997	855	1.0
997	585	12.0
997	591	8.0
997	484	3.0
997	806	1.0
997	501	2.0
997	532	4.0
997	638	2.0
997	858	3.0
997	863	6.0
997	986	5.0
997	634	5.0
997	797	3.0
997	319	1.0
997	538	9.0
997	339	1.0
997	744	7.0
997	81	8.0
997	559	2.0
997	798	1.0
997	823	3.0
997	124	7.0
997	891	6.0
900	367	16.0
900	951	3.0
900	232	3.0
900	558	9.0
900	806	2.0
900	873	1.0
900	756	3.0
900	336	1.0
900	986	3.0
900	455	10.0
900	1000	1.0
900	975	2.0
900	143	9.0
900	364	1.0
900	926	2.0
812	448	6.0
812	759	2.0
812	828	9.0
812	325	5.0
812	921	4.0
812	544	3.0
812	666	1.0
812	474	7.0
812	890	2.0
812	838	4.0
812	945	6.0
812	869	8.0
812	483	1.0
812	983	1.0
812	551	6.0
812	161	2.0
812	450	8.0
219	270	71.0
219	629	5.0
219	896	4.0
219	591	3.0
219	437	16.0
219	66	4.0
219	581	2.0
407	385	3.0
407	793	10.0
407	62	1.0
407	853	1.0
407	834	3.0
407	859	12.0
407	546	6.0
407	260	1.0
407	750	2.0
407	326	1.0
214	786	1.0
214	853	5.0
214	555	2.0
214	840	4.0
214	935	1.0
214	902	11.0
214	919	1.0
214	583	12.0
495	939	7.0
495	762	22.0
495	959	7.0
495	681	12.0
495	988	1.0
495	714	7.0
711	492	9.0
711	930	3.0
711	849	1.0
711	627	1.0
711	694	7.0
711	940	3.0
711	337	10.0
813	397	1.0
813	475	3.0
813	970	10.0
813	762	1.0
813	502	9.0
813	510	1.0
813	977	5.0
813	623	2.0
813	973	4.0
813	978	2.0
813	899	1.0
813	981	5.0
230	330	3.0
230	909	1.0
230	360	3.0
230	999	3.0
230	824	4.0
17	693	1.0
17	929	3.0
17	512	1.0
17	825	6.0
17	97	14.0
17	974	5.0
640	367	4.0
640	156	2.0
640	975	3.0
640	756	4.0
640	743	3.0
640	464	9.0
640	863	6.0
640	782	4.0
640	986	7.0
640	845	4.0
726	657	8.0
726	843	2.0
726	599	1.0
726	935	2.0
726	996	2.0
726	879	5.0
726	108	8.0
726	867	1.0
726	373	1.0
726	137	2.0
726	909	4.0
726	451	2.0
726	18	5.0
726	194	3.0
519	500	4.0
519	849	6.0
519	11	2.0
519	894	2.0
519	524	2.0
519	960	17.0
519	259	16.0
519	239	1.0
390	499	1.0
390	866	5.0
390	784	2.0
390	399	9.0
390	785	2.0
390	3	11.0
390	169	29.0
390	990	2.0
683	602	2.0
683	1000	5.0
683	922	1.0
683	803	13.0
683	520	3.0
683	834	5.0
683	851	11.0
683	75	5.0
683	685	2.0
683	763	2.0
683	478	5.0
683	801	15.0
683	773	6.0
20	483	3.0
20	608	3.0
20	861	6.0
20	720	3.0
20	162	2.0
20	932	8.0
20	956	7.0
20	953	3.0
20	393	3.0
637	585	10.0
637	954	2.0
637	898	1.0
637	991	5.0
637	544	1.0
637	744	20.0
637	638	7.0
637	738	2.0
637	858	1.0
956	448	6.0
956	299	1.0
956	496	1.0
956	237	1.0
956	811	1.0
956	584	23.0
956	665	1.0
956	483	9.0
956	639	7.0
956	359	4.0
956	358	11.0
956	921	6.0
956	52	15.0
956	953	2.0
956	608	8.0
956	828	6.0
956	1000	4.0
956	388	2.0
956	325	5.0
956	666	3.0
956	427	3.0
956	934	2.0
956	168	10.0
956	544	4.0
956	551	2.0
956	838	1.0
956	932	5.0
146	83	1.0
146	720	19.0
146	347	1.0
146	818	7.0
146	945	4.0
146	269	11.0
146	744	4.0
146	154	2.0
432	913	5.0
432	479	2.0
432	977	4.0
432	37	1.0
432	880	1.0
432	937	9.0
432	650	6.0
173	972	9.0
173	841	7.0
173	609	1.0
173	56	6.0
173	925	1.0
173	897	8.0
173	865	2.0
299	364	2.0
299	101	7.0
299	231	1.0
299	111	13.0
299	757	4.0
299	976	6.0
342	245	5.0
342	722	4.0
342	766	4.0
342	575	11.0
342	936	8.0
342	621	4.0
342	365	3.0
5	738	6.0
5	78	2.0
5	372	11.0
5	503	3.0
5	239	1.0
5	953	2.0
591	991	1.0
591	746	9.0
591	339	2.0
591	744	5.0
591	81	7.0
591	987	9.0
591	249	9.0
591	899	5.0
591	234	3.0
825	974	1.0
825	929	9.0
825	822	3.0
825	689	9.0
825	212	1.0
825	433	2.0
825	404	8.0
825	954	1.0
825	403	6.0
825	999	1.0
825	757	2.0
825	207	5.0
825	465	9.0
873	367	8.0
873	365	2.0
873	756	4.0
873	986	3.0
873	845	1.0
873	1000	1.0
873	669	2.0
873	980	1.0
873	896	2.0
873	717	6.0
873	468	5.0
873	713	1.0
873	94	3.0
873	647	15.0
638	987	6.0
638	746	18.0
638	991	5.0
638	23	2.0
638	942	1.0
638	368	8.0
638	953	1.0
891	654	4.0
891	414	4.0
891	866	7.0
891	721	2.0
891	576	10.0
891	756	5.0
891	524	1.0
891	958	3.0
891	598	4.0
891	158	4.0
891	648	2.0
891	877	10.0
891	225	9.0
891	670	2.0
891	874	2.0
891	718	6.0
891	713	5.0
891	234	2.0
891	843	1.0
891	911	9.0
136	624	9.0
136	998	6.0
136	225	12.0
136	670	2.0
136	958	2.0
136	239	5.0
136	576	13.0
133	731	1.0
133	939	8.0
133	878	6.0
133	762	1.0
133	760	10.0
133	959	32.0
114	87	2.0
114	205	4.0
114	929	2.0
114	990	2.0
114	845	2.0
114	884	2.0
583	919	8.0
583	251	5.0
583	811	19.0
583	853	15.0
583	280	5.0
583	786	7.0
583	149	8.0
583	889	2.0
583	526	6.0
583	598	1.0
490	344	1.0
490	606	2.0
490	854	8.0
490	838	2.0
490	990	2.0
490	922	9.0
210	426	14.0
210	675	4.0
210	909	2.0
210	944	9.0
210	227	1.0
210	998	4.0
210	409	2.0
210	890	4.0
123	460	21.0
123	876	3.0
123	328	3.0
123	13	1.0
123	927	1.0
123	366	12.0
123	976	5.0
499	190	4.0
499	169	4.0
499	868	5.0
499	990	1.0
499	738	1.0
499	863	2.0
499	479	2.0
499	458	1.0
980	397	2.0
980	354	1.0
980	290	1.0
980	365	1.0
980	939	3.0
980	306	2.0
980	751	2.0
980	864	6.0
980	463	2.0
980	507	2.0
980	816	2.0
980	303	2.0
980	386	2.0
980	293	2.0
980	265	4.0
980	659	2.0
980	829	1.0
980	785	2.0
980	189	2.0
980	511	7.0
980	865	3.0
980	757	7.0
980	917	2.0
980	963	7.0
319	585	2.0
319	899	6.0
319	928	5.0
319	991	1.0
319	589	2.0
319	106	1.0
263	877	1.0
263	449	21.0
263	609	5.0
263	857	15.0
263	612	14.0
263	775	3.0
263	795	6.0
691	554	18.0
691	906	5.0
691	882	3.0
691	546	4.0
691	936	3.0
691	138	3.0
691	181	4.0
691	536	1.0
691	470	2.0
208	559	4.0
208	684	2.0
208	940	2.0
208	670	4.0
208	880	1.0
208	930	2.0
208	694	2.0
859	915	2.0
859	203	15.0
859	250	3.0
859	871	4.0
859	673	1.0
859	966	2.0
859	897	4.0
859	666	17.0
859	168	1.0
859	296	1.0
859	297	2.0
859	793	5.0
859	213	2.0
859	356	2.0
859	53	5.0
859	972	11.0
859	358	9.0
859	417	9.0
506	654	14.0
506	158	3.0
506	721	6.0
506	465	1.0
506	911	2.0
506	128	2.0
506	877	11.0
506	958	3.0
506	953	1.0
262	399	1.0
262	977	2.0
262	842	3.0
262	650	2.0
262	417	3.0
262	937	8.0
262	156	2.0
462	307	1.0
462	923	3.0
462	320	4.0
462	532	3.0
462	439	1.0
462	893	11.0
462	951	7.0
462	778	2.0
462	442	5.0
713	28	3.0
713	225	5.0
713	670	1.0
713	874	5.0
713	958	2.0
713	944	2.0
713	866	1.0
713	911	13.0
713	877	1.0
713	915	7.0
713	128	22.0
925	984	1.0
925	966	4.0
925	783	2.0
925	897	13.0
925	605	2.0
925	444	4.0
925	841	1.0
925	74	1.0
925	893	1.0
925	548	3.0
925	554	6.0
925	898	2.0
925	871	1.0
925	959	1.0
925	750	6.0
925	934	1.0
925	356	5.0
925	35	1.0
925	673	8.0
844	492	2.0
844	870	1.0
844	555	2.0
844	187	1.0
844	767	6.0
844	286	6.0
844	587	3.0
844	269	1.0
844	228	5.0
844	976	1.0
844	633	3.0
844	560	3.0
844	798	2.0
844	954	4.0
915	406	1.0
915	562	13.0
915	849	6.0
915	701	4.0
915	882	4.0
915	482	1.0
915	524	1.0
915	826	2.0
915	239	2.0
915	960	1.0
915	500	6.0
915	902	1.0
915	702	1.0
915	259	3.0
915	714	3.0
915	840	6.0
915	234	6.0
915	814	1.0
915	682	4.0
572	692	4.0
572	755	1.0
572	680	11.0
572	409	6.0
572	645	4.0
572	196	6.0
572	912	3.0
572	534	10.0
572	771	2.0
572	2	10.0
467	782	8.0
467	768	1.0
467	954	4.0
467	587	2.0
467	870	2.0
866	877	1.0
866	541	2.0
866	874	3.0
866	576	2.0
866	9	12.0
866	814	4.0
866	987	1.0
866	620	4.0
866	911	3.0
866	158	5.0
866	958	5.0
866	670	4.0
866	128	1.0
115	283	10.0
115	671	18.0
115	818	3.0
115	783	1.0
115	945	1.0
115	848	12.0
316	959	2.0
316	28	1.0
316	176	2.0
316	939	3.0
316	760	1.0
316	878	7.0
316	488	3.0
527	648	3.0
527	182	1.0
527	884	3.0
527	881	4.0
527	426	1.0
527	463	6.0
527	934	2.0
527	735	2.0
527	823	2.0
73	273	4.0
73	979	1.0
73	929	12.0
73	465	3.0
73	590	10.0
73	628	2.0
73	974	4.0
73	975	3.0
231	810	5.0
231	822	3.0
231	837	1.0
231	849	2.0
231	159	5.0
231	171	20.0
231	620	1.0
231	976	3.0
383	913	9.0
383	977	2.0
383	932	2.0
383	446	2.0
383	260	13.0
383	937	6.0
383	752	1.0
12	987	2.0
12	979	6.0
12	603	7.0
12	542	6.0
12	905	4.0
12	999	1.0
12	824	8.0
8	620	41.0
8	301	2.0
8	888	1.0
8	927	6.0
8	976	1.0
603	349	3.0
603	870	6.0
603	233	1.0
603	541	1.0
603	635	9.0
603	523	2.0
603	292	1.0
603	709	7.0
603	399	2.0
603	945	3.0
603	905	4.0
738	585	7.0
738	797	1.0
738	851	1.0
738	159	17.0
738	301	6.0
738	501	2.0
738	771	3.0
738	687	2.0
738	304	31.0
880	627	2.0
880	930	2.0
880	796	4.0
880	940	10.0
880	983	2.0
880	937	1.0
880	279	2.0
880	694	7.0
880	322	6.0
880	559	9.0
880	727	2.0
880	852	1.0
880	594	4.0
978	985	4.0
978	513	1.0
978	970	8.0
978	206	6.0
978	828	5.0
978	784	1.0
978	973	1.0
978	318	6.0
978	475	14.0
978	510	3.0
978	201	5.0
978	888	4.0
978	419	1.0
978	675	4.0
978	961	1.0
978	777	13.0
978	796	3.0
978	612	8.0
978	542	5.0
978	391	2.0
978	241	6.0
978	647	4.0
978	623	4.0
978	981	6.0
333	117	2.0
333	896	13.0
333	253	7.0
333	76	3.0
333	581	2.0
333	868	22.0
854	190	1.0
854	22	7.0
854	54	1.0
854	922	9.0
854	169	6.0
854	789	3.0
854	732	2.0
854	990	2.0
854	87	1.0
854	850	5.0
854	784	4.0
854	362	1.0
854	958	2.0
854	295	1.0
854	63	4.0
148	221	4.0
148	857	10.0
148	76	4.0
148	612	25.0
148	665	17.0
148	775	10.0
148	795	6.0
154	28	7.0
154	21	1.0
154	720	9.0
154	671	23.0
154	83	11.0
154	945	1.0
154	996	3.0
849	654	4.0
849	908	1.0
849	324	7.0
849	944	1.0
849	130	2.0
849	346	1.0
849	702	4.0
849	960	8.0
849	259	6.0
849	826	3.0
849	677	13.0
57	143	2.0
57	669	3.0
57	369	1.0
57	121	7.0
57	986	1.0
57	975	4.0
57	427	6.0
239	654	5.0
239	524	3.0
239	701	5.0
239	130	9.0
239	346	3.0
694	894	2.0
694	930	8.0
694	627	9.0
694	559	1.0
694	796	22.0
694	74	1.0
694	394	5.0
694	936	1.0
707	923	6.0
707	550	2.0
707	948	4.0
707	951	7.0
707	615	9.0
707	693	1.0
707	869	5.0
707	893	2.0
209	385	7.0
209	297	1.0
209	74	5.0
209	623	12.0
209	654	1.0
209	400	2.0
607	600	1.0
607	951	1.0
607	923	2.0
607	560	1.0
607	893	3.0
607	848	2.0
852	610	6.0
852	982	5.0
852	518	6.0
852	837	2.0
852	718	1.0
852	613	21.0
852	894	1.0
852	945	5.0
852	194	1.0
852	940	1.0
852	455	8.0
852	105	5.0
852	392	4.0
852	902	7.0
852	926	3.0
852	625	1.0
234	701	3.0
234	524	7.0
234	826	3.0
234	677	11.0
234	705	1.0
234	589	5.0
234	716	6.0
19	523	1.0
19	979	5.0
19	895	1.0
19	725	9.0
19	447	10.0
19	999	17.0
19	988	5.0
752	548	9.0
752	954	2.0
752	818	1.0
752	49	17.0
752	948	1.0
752	15	2.0
752	653	3.0
752	579	2.0
752	802	4.0
752	688	4.0
752	771	6.0
752	958	1.0
752	124	4.0
752	459	1.0
289	426	4.0
289	890	15.0
289	988	11.0
289	968	12.0
289	998	15.0
289	901	3.0
304	532	14.0
304	899	7.0
304	224	2.0
304	339	3.0
304	937	4.0
304	484	14.0
246	963	2.0
246	300	9.0
246	189	5.0
246	842	2.0
246	595	2.0
246	306	13.0
246	743	3.0
644	837	27.0
644	135	1.0
644	69	13.0
644	902	1.0
644	714	2.0
644	134	23.0
644	757	3.0
644	48	12.0
644	982	11.0
644	998	1.0
292	979	6.0
292	218	1.0
292	817	7.0
292	872	12.0
292	542	16.0
292	131	11.0
292	635	9.0
177	773	12.0
177	70	32.0
177	575	5.0
177	434	7.0
177	816	7.0
177	55	2.0
177	91	8.0
785	147	4.0
785	312	1.0
785	680	1.0
785	829	1.0
785	743	3.0
785	415	2.0
785	709	7.0
785	963	1.0
785	450	11.0
404	283	4.0
404	929	1.0
404	757	9.0
404	590	1.0
404	628	10.0
404	974	10.0
404	967	2.0
789	83	1.0
789	63	7.0
789	22	6.0
789	990	3.0
789	850	2.0
789	703	9.0
789	784	3.0
789	201	4.0
789	544	1.0
789	922	1.0
789	3	3.0
836	657	20.0
836	910	3.0
836	556	4.0
836	347	2.0
836	672	5.0
836	941	4.0
836	381	19.0
836	996	3.0
836	525	4.0
836	923	9.0
836	77	2.0
836	867	1.0
836	578	19.0
836	781	10.0
836	384	4.0
836	676	11.0
836	515	2.0
482	550	4.0
482	907	2.0
482	171	3.0
482	464	1.0
482	421	8.0
482	894	5.0
482	593	19.0
482	331	3.0
482	71	4.0
786	176	11.0
786	150	4.0
786	928	1.0
786	286	4.0
786	935	14.0
786	853	10.0
786	10	11.0
786	696	4.0
786	361	1.0
786	526	28.0
773	54	13.0
773	746	1.0
773	543	8.0
773	851	1.0
773	520	5.0
773	422	3.0
773	362	2.0
773	415	13.0
773	478	1.0
773	808	2.0
773	685	1.0
773	848	3.0
863	975	5.0
863	986	2.0
863	157	20.0
863	425	5.0
863	708	5.0
863	105	4.0
863	186	4.0
863	845	5.0
863	122	5.0
554	344	7.0
554	906	3.0
554	755	7.0
554	241	1.0
554	967	6.0
554	936	3.0
554	183	6.0
554	470	1.0
335	370	3.0
335	21	5.0
335	906	2.0
335	967	1.0
335	755	22.0
335	936	4.0
335	845	1.0
959	939	10.0
959	633	2.0
959	302	1.0
959	760	4.0
959	681	8.0
959	396	2.0
959	355	22.0
959	600	3.0
959	991	2.0
959	762	37.0
959	749	6.0
959	737	3.0
959	175	10.0
959	714	7.0
959	878	9.0
959	18	1.0
465	929	10.0
465	688	2.0
465	689	4.0
465	403	10.0
465	974	2.0
465	858	1.0
306	293	6.0
306	940	3.0
306	963	3.0
306	450	4.0
901	54	8.0
901	803	8.0
901	341	23.0
901	75	7.0
901	415	8.0
901	461	1.0
901	808	6.0
901	330	1.0
901	543	13.0
901	602	3.0
901	466	5.0
901	362	8.0
901	851	12.0
901	478	16.0
901	801	12.0
901	919	2.0
901	763	4.0
743	917	6.0
743	605	1.0
743	751	1.0
743	829	1.0
743	511	2.0
743	356	3.0
743	935	1.0
743	277	1.0
743	625	1.0
167	718	7.0
167	889	1.0
167	982	16.0
167	613	14.0
276	862	2.0
276	420	20.0
276	693	1.0
276	979	4.0
276	905	3.0
276	531	12.0
276	999	1.0
419	651	5.0
419	981	2.0
419	475	17.0
419	25	10.0
419	777	27.0
419	961	13.0
419	973	9.0
419	767	1.0
419	732	2.0
369	265	4.0
369	456	9.0
369	896	19.0
369	868	22.0
369	93	2.0
369	581	12.0
369	661	2.0
517	861	2.0
517	61	7.0
517	421	8.0
517	894	4.0
517	672	3.0
517	153	15.0
517	593	7.0
517	197	34.0
517	331	5.0
517	650	1.0
611	460	4.0
611	721	2.0
611	984	1.0
611	586	3.0
611	750	10.0
611	502	1.0
611	972	4.0
611	940	1.0
611	16	18.0
611	309	1.0
496	759	2.0
496	872	1.0
496	996	3.0
496	838	5.0
496	363	6.0
496	639	18.0
496	953	3.0
496	921	6.0
54	851	3.0
54	602	34.0
54	313	5.0
54	762	5.0
54	803	2.0
54	801	37.0
582	367	4.0
582	235	2.0
582	1000	4.0
582	325	3.0
582	717	1.0
582	700	4.0
582	975	5.0
582	523	1.0
582	426	1.0
582	669	8.0
582	468	9.0
130	406	3.0
130	324	9.0
130	677	12.0
130	960	10.0
130	717	7.0
130	734	3.0
312	211	1.0
312	297	6.0
312	250	5.0
312	205	1.0
312	783	6.0
312	400	1.0
312	984	2.0
446	862	7.0
446	586	1.0
446	597	1.0
446	688	10.0
446	771	9.0
446	948	9.0
446	45	6.0
97	878	1.0
97	909	5.0
97	929	4.0
97	897	6.0
97	974	9.0
97	676	10.0
370	936	7.0
370	296	5.0
370	41	6.0
370	536	4.0
370	845	34.0
370	967	5.0
681	62	6.0
681	939	2.0
681	762	11.0
681	175	11.0
681	613	1.0
681	87	4.0
681	714	3.0
681	375	2.0
108	856	5.0
108	985	11.0
108	968	10.0
108	983	7.0
796	913	3.0
796	939	5.0
796	659	1.0
796	930	20.0
796	439	1.0
796	220	2.0
796	92	13.0
796	940	17.0
430	511	7.0
430	356	6.0
430	911	2.0
430	963	3.0
430	917	4.0
430	444	4.0
430	450	1.0
165	877	14.0
165	721	8.0
165	874	2.0
165	933	3.0
165	158	3.0
165	958	5.0
174	912	7.0
174	855	8.0
174	709	7.0
174	507	2.0
174	882	12.0
174	664	4.0
174	271	2.0
815	605	6.0
815	26	1.0
815	575	10.0
815	365	2.0
815	421	1.0
815	245	3.0
815	491	4.0
815	766	1.0
815	434	7.0
815	816	4.0
815	375	2.0
815	122	8.0
815	11	3.0
815	953	1.0
815	537	11.0
515	615	2.0
515	910	3.0
515	674	3.0
515	996	4.0
515	341	3.0
515	362	3.0
515	442	8.0
515	249	5.0
515	843	4.0
424	479	3.0
424	34	5.0
424	67	1.0
424	917	2.0
424	229	9.0
424	937	10.0
424	846	3.0
612	722	2.0
612	775	10.0
612	164	7.0
612	187	2.0
612	377	5.0
612	665	9.0
612	795	1.0
612	857	11.0
366	283	9.0
366	522	16.0
366	322	47.0
366	969	1.0
366	818	8.0
366	698	6.0
366	217	2.0
366	945	4.0
366	990	2.0
89	141	1.0
89	889	2.0
89	221	4.0
89	543	9.0
89	969	8.0
89	134	1.0
211	297	17.0
211	841	1.0
211	689	8.0
211	56	1.0
211	966	4.0
211	559	3.0
934	942	5.0
934	897	1.0
934	452	1.0
934	175	2.0
934	182	1.0
934	881	4.0
934	756	1.0
934	332	1.0
934	58	2.0
934	735	6.0
934	152	1.0
934	648	1.0
934	759	2.0
934	34	3.0
934	895	5.0
934	150	12.0
934	884	3.0
934	202	7.0
934	221	2.0
934	823	2.0
201	917	3.0
201	961	13.0
201	981	9.0
201	970	11.0
201	673	1.0
201	973	3.0
857	273	7.0
857	998	4.0
857	203	2.0
857	164	7.0
857	314	3.0
857	422	19.0
857	61	2.0
857	775	4.0
857	981	2.0
857	609	2.0
857	6	20.0
531	72	1.0
531	308	1.0
531	218	2.0
531	183	2.0
531	233	36.0
531	382	2.0
531	709	8.0
531	351	2.0
531	566	6.0
531	999	11.0
325	991	2.0
325	869	3.0
325	851	3.0
325	626	6.0
325	921	10.0
325	666	8.0
325	932	4.0
922	919	2.0
922	784	9.0
922	990	4.0
922	87	10.0
922	620	4.0
922	688	2.0
922	850	6.0
922	398	3.0
922	25	1.0
922	998	7.0
922	22	16.0
922	92	11.0
94	678	11.0
94	336	3.0
94	783	3.0
94	879	2.0
94	588	8.0
94	673	16.0
94	984	1.0
94	966	10.0
332	823	4.0
332	684	3.0
332	895	2.0
332	735	2.0
332	881	6.0
332	470	3.0
332	795	1.0
701	913	1.0
701	324	6.0
701	72	5.0
701	702	4.0
701	589	11.0
701	960	6.0
701	879	2.0
701	66	13.0
397	296	1.0
397	386	12.0
397	864	5.0
397	933	8.0
397	985	4.0
397	963	9.0
182	648	2.0
182	895	2.0
182	777	1.0
182	641	1.0
182	884	1.0
182	968	1.0
156	942	2.0
156	291	2.0
156	229	7.0
156	737	4.0
156	787	3.0
156	723	1.0
882	144	4.0
882	107	2.0
882	968	28.0
882	634	1.0
882	643	9.0
882	16	3.0
882	216	7.0
882	998	4.0
882	985	4.0
882	716	11.0
882	944	3.0
882	988	4.0
882	941	10.0
882	865	6.0
806	349	3.0
806	986	6.0
806	121	1.0
806	1000	8.0
806	606	2.0
806	717	3.0
806	894	1.0
806	157	1.0
806	472	7.0
806	708	12.0
806	932	4.0
806	845	12.0
198	633	3.0
198	555	6.0
198	617	15.0
198	630	3.0
198	954	3.0
198	587	4.0
87	212	5.0
87	990	10.0
32	988	4.0
32	834	1.0
32	998	19.0
32	983	31.0
423	344	2.0
423	972	3.0
423	906	2.0
423	511	4.0
423	977	1.0
423	41	2.0
423	817	7.0
423	520	5.0
423	967	2.0
479	913	1.0
479	418	1.0
479	627	1.0
479	977	3.0
479	782	12.0
479	264	6.0
479	769	16.0
479	937	9.0
243	909	3.0
243	689	4.0
243	403	2.0
243	757	4.0
243	437	1.0
243	71	5.0
905	248	12.0
905	979	4.0
905	452	3.0
905	523	5.0
905	420	3.0
905	297	1.0
905	186	2.0
905	999	10.0
905	349	11.0
905	233	1.0
905	872	17.0
905	131	15.0
905	912	1.0
905	351	1.0
905	945	1.0
905	824	14.0
392	982	10.0
392	902	10.0
392	889	2.0
392	720	5.0
392	842	2.0
392	135	25.0
392	42	3.0
648	586	5.0
648	884	4.0
648	881	2.0
648	629	1.0
648	643	3.0
648	735	6.0
648	823	6.0
460	876	20.0
460	976	1.0
460	449	4.0
460	927	3.0
460	784	6.0
460	822	1.0
183	447	4.0
183	556	4.0
183	725	3.0
183	999	4.0
183	81	5.0
176	935	14.0
176	840	3.0
176	811	23.0
176	710	1.0
176	919	23.0
268	876	2.0
268	810	3.0
268	328	17.0
268	139	2.0
268	360	3.0
268	963	2.0
268	171	6.0
268	558	6.0
268	976	4.0
954	180	6.0
954	870	2.0
954	187	5.0
954	286	4.0
954	767	3.0
954	606	17.0
954	973	2.0
954	560	1.0
954	671	1.0
954	428	5.0
954	782	10.0
954	982	2.0
954	587	3.0
954	427	5.0
954	142	3.0
954	633	7.0
954	768	7.0
954	832	3.0
996	910	3.0
996	347	1.0
996	578	4.0
996	137	5.0
996	381	12.0
996	36	3.0
996	505	3.0
996	906	1.0
996	867	7.0
996	373	5.0
996	303	8.0
996	305	1.0
996	14	1.0
996	674	7.0
996	599	1.0
996	659	1.0
996	666	1.0
996	879	1.0
996	651	9.0
996	329	2.0
996	969	4.0
996	942	1.0
996	249	12.0
996	452	1.0
996	731	3.0
996	843	1.0
996	556	1.0
996	952	7.0
996	587	1.0
996	525	7.0
996	320	5.0
996	359	2.0
996	18	1.0
996	823	2.0
525	731	7.0
525	672	6.0
525	968	7.0
525	976	1.0
525	320	1.0
525	249	8.0
525	620	6.0
525	710	3.0
525	879	5.0
166	615	4.0
166	687	1.0
166	647	3.0
166	740	9.0
166	396	18.0
166	951	14.0
166	666	8.0
131	999	7.0
131	6	1.0
131	137	7.0
131	566	20.0
38	281	1.0
38	862	2.0
38	28	3.0
38	929	3.0
38	757	5.0
38	676	2.0
38	974	5.0
386	293	4.0
386	511	3.0
386	422	3.0
386	187	1.0
386	872	1.0
386	197	1.0
386	963	4.0
439	923	2.0
439	951	4.0
439	893	13.0
439	355	1.0
439	848	1.0
453	896	7.0
453	456	4.0
453	437	7.0
453	581	3.0
48	141	6.0
48	889	6.0
48	981	3.0
48	783	9.0
48	982	6.0
48	921	2.0
48	700	6.0
594	21	2.0
594	684	7.0
594	985	1.0
594	930	8.0
594	559	5.0
594	940	24.0
763	264	4.0
763	664	8.0
763	941	2.0
763	341	28.0
763	801	2.0
763	362	6.0
763	75	4.0
763	415	3.0
763	808	8.0
763	602	9.0
763	92	1.0
763	202	1.0
503	541	1.0
503	907	23.0
503	61	7.0
503	584	1.0
503	894	6.0
503	540	1.0
503	185	1.0
503	858	5.0
492	518	20.0
492	837	11.0
492	778	1.0
492	902	15.0
492	889	2.0
492	51	15.0
492	982	2.0
721	144	5.0
721	185	1.0
721	576	30.0
721	987	2.0
721	874	6.0
721	958	9.0
721	814	8.0
721	111	5.0
721	911	3.0
522	720	3.0
522	382	5.0
522	709	3.0
522	671	18.0
522	818	3.0
522	945	33.0
522	553	43.0
522	459	1.0
308	414	2.0
308	670	11.0
308	874	15.0
308	242	6.0
308	958	5.0
308	814	4.0
308	881	1.0
117	235	1.0
117	1000	1.0
117	703	1.0
117	975	1.0
117	986	3.0
783	897	3.0
783	871	7.0
783	586	3.0
783	740	5.0
783	546	21.0
783	917	3.0
783	91	4.0
783	972	6.0
783	400	4.0
783	898	7.0
36	505	1.0
36	910	8.0
36	381	3.0
36	14	7.0
36	769	5.0
36	384	9.0
318	944	1.0
318	981	3.0
318	961	5.0
318	970	2.0
318	888	1.0
318	116	3.0
318	968	1.0
318	973	7.0
53	972	2.0
53	966	11.0
53	162	2.0
53	897	2.0
53	673	8.0
53	793	5.0
428	606	3.0
428	560	14.0
428	870	5.0
428	242	6.0
428	767	15.0
428	581	11.0
936	906	1.0
936	967	6.0
936	843	1.0
936	501	1.0
936	870	3.0
936	181	1.0
936	113	3.0
936	536	3.0
936	470	2.0
936	717	5.0
936	795	2.0
936	755	3.0
936	305	10.0
936	748	1.0
936	449	3.0
361	624	13.0
361	654	2.0
361	874	3.0
361	958	12.0
361	814	14.0
361	598	3.0
361	911	4.0
526	919	1.0
526	746	5.0
526	457	32.0
526	853	8.0
526	935	9.0
526	840	12.0
526	963	1.0
438	245	4.0
438	722	6.0
438	605	1.0
438	365	2.0
438	816	5.0
438	621	5.0
438	158	6.0
438	766	7.0
438	732	2.0
70	586	12.0
70	434	2.0
70	816	13.0
70	621	9.0
70	26	2.0
70	11	6.0
235	593	1.0
235	647	5.0
235	998	3.0
235	666	1.0
235	756	3.0
235	1000	2.0
832	828	1.0
832	270	3.0
832	870	6.0
832	597	5.0
832	587	6.0
832	606	4.0
832	228	3.0
832	633	1.0
832	242	8.0
832	782	7.0
832	998	1.0
832	767	9.0
225	414	3.0
225	874	1.0
225	958	2.0
225	630	2.0
225	128	8.0
225	869	17.0
541	907	2.0
541	153	30.0
541	540	4.0
541	78	14.0
541	191	20.0
705	307	2.0
705	406	1.0
705	734	1.0
705	748	4.0
705	702	1.0
705	960	4.0
705	589	11.0
705	850	3.0
705	687	2.0
705	437	12.0
705	66	10.0
433	1000	1.0
433	899	7.0
433	746	4.0
433	124	4.0
433	858	7.0
269	671	17.0
269	945	10.0
269	95	6.0
269	553	13.0
269	974	2.0
355	878	50.0
355	939	4.0
355	749	7.0
143	281	12.0
143	972	2.0
143	121	5.0
143	986	2.0
143	975	1.0
718	862	1.0
718	121	4.0
718	837	5.0
718	698	1.0
718	42	6.0
718	613	6.0
718	134	8.0
718	889	2.0
718	982	4.0
718	940	2.0
593	550	13.0
593	907	5.0
593	61	6.0
593	24	15.0
593	894	2.0
593	540	1.0
593	845	8.0
346	406	4.0
346	150	5.0
346	762	6.0
346	826	10.0
346	960	8.0
346	930	2.0
346	589	7.0
346	500	25.0
621	722	2.0
621	755	1.0
621	26	9.0
621	491	7.0
621	766	1.0
621	434	2.0
621	999	1.0
621	285	3.0
879	144	6.0
879	578	7.0
879	672	2.0
879	14	3.0
879	731	4.0
879	952	7.0
879	702	1.0
879	716	3.0
879	221	1.0
879	505	4.0
879	381	4.0
727	862	7.0
727	948	2.0
727	548	4.0
727	861	2.0
727	653	8.0
727	688	10.0
727	771	2.0
727	760	2.0
727	459	2.0
727	983	2.0
727	45	4.0
124	278	12.0
124	279	2.0
124	484	7.0
1	912	1.0
1	703	4.0
1	507	5.0
1	906	2.0
1	382	1.0
689	974	3.0
689	929	4.0
689	941	10.0
689	217	1.0
689	259	3.0
689	909	2.0
689	4	3.0
689	459	1.0
247	923	1.0
247	112	6.0
247	442	3.0
247	893	2.0
247	698	6.0
247	778	18.0
247	848	20.0
15	802	1.0
15	688	1.0
15	948	11.0
15	578	3.0
15	590	1.0
15	579	5.0
15	459	23.0
403	975	1.0
403	909	1.0
403	63	1.0
403	757	7.0
403	628	8.0
403	974	15.0
403	4	4.0
881	452	4.0
881	755	1.0
881	923	5.0
881	138	2.0
881	735	9.0
881	202	1.0
881	895	8.0
881	884	7.0
881	567	1.0
881	152	2.0
881	221	1.0
881	823	4.0
228	768	1.0
228	425	2.0
228	767	11.0
228	587	14.0
228	152	1.0
665	775	40.0
665	970	1.0
665	393	10.0
665	377	3.0
665	6	19.0
665	795	19.0
665	937	2.0
524	982	4.0
524	72	4.0
524	302	2.0
524	309	1.0
524	682	1.0
524	563	2.0
688	862	6.0
688	948	22.0
688	597	25.0
688	653	14.0
688	942	1.0
688	771	22.0
688	580	4.0
609	393	5.0
609	626	6.0
609	377	19.0
609	795	15.0
609	641	6.0
216	988	5.0
216	941	11.0
216	985	8.0
216	865	6.0
216	716	3.0
205	961	2.0
205	63	5.0
205	368	1.0
205	990	9.0
205	458	4.0
271	196	4.0
271	703	1.0
271	534	1.0
271	912	2.0
271	855	8.0
271	876	1.0
271	987	3.0
986	367	3.0
986	562	4.0
986	977	4.0
986	232	9.0
986	983	1.0
986	708	3.0
986	845	5.0
986	657	2.0
986	610	3.0
986	890	1.0
986	431	2.0
986	975	4.0
986	464	9.0
986	64	2.0
986	647	4.0
986	472	1.0
986	364	11.0
986	285	3.0
986	468	5.0
986	425	2.0
277	466	1.0
277	861	6.0
277	759	33.0
277	237	2.0
277	921	4.0
277	358	2.0
277	710	2.0
277	666	5.0
937	329	1.0
937	803	4.0
937	756	2.0
937	260	11.0
937	67	1.0
937	842	2.0
937	913	1.0
937	998	5.0
937	846	18.0
937	9	16.0
937	977	2.0
937	399	2.0
937	769	3.0
150	396	3.0
150	895	5.0
150	884	16.0
150	823	1.0
600	939	9.0
600	749	3.0
600	714	10.0
600	878	5.0
600	888	5.0
600	375	2.0
600	977	2.0
669	1000	1.0
669	966	5.0
669	878	2.0
669	975	7.0
669	245	7.0
669	999	1.0
669	824	7.0
451	843	1.0
451	329	1.0
451	910	1.0
451	14	8.0
451	384	4.0
781	144	6.0
781	961	1.0
781	556	4.0
781	347	2.0
781	578	2.0
781	381	11.0
781	952	8.0
781	630	10.0
781	672	3.0
781	838	1.0
781	359	3.0
781	149	1.0
781	122	1.0
781	641	6.0
781	969	7.0
781	1000	8.0
442	778	4.0
442	933	9.0
442	893	11.0
442	848	8.0
2	912	3.0
2	461	10.0
2	951	3.0
2	855	2.0
2	409	9.0
2	717	2.0
330	610	1.0
330	979	4.0
330	725	1.0
330	856	3.0
330	999	2.0
330	595	19.0
330	661	2.0
217	95	5.0
217	698	4.0
217	945	5.0
217	553	17.0
217	750	2.0
217	632	2.0
391	363	1.0
391	910	4.0
391	961	15.0
391	981	6.0
391	970	13.0
391	967	1.0
391	260	3.0
391	973	17.0
399	448	14.0
399	534	3.0
399	977	5.0
520	808	3.0
520	313	2.0
520	803	1.0
520	362	7.0
520	851	13.0
520	415	6.0
520	147	4.0
520	116	1.0
351	979	3.0
351	218	2.0
351	39	2.0
351	360	3.0
351	13	1.0
801	851	2.0
801	602	6.0
801	313	6.0
801	578	4.0
801	700	1.0
801	803	10.0
801	75	32.0
801	685	3.0
801	808	2.0
801	116	11.0
801	969	1.0
111	810	5.0
111	360	1.0
111	927	5.0
111	876	2.0
111	558	10.0
111	976	2.0
425	1000	2.0
425	834	1.0
425	285	3.0
425	845	11.0
425	553	4.0
732	326	10.0
732	186	1.0
732	313	1.0
732	834	4.0
732	985	4.0
732	968	5.0
732	973	2.0
732	983	1.0
732	865	1.0
732	988	3.0
253	868	15.0
253	270	15.0
253	876	8.0
253	698	1.0
253	629	17.0
347	952	4.0
347	14	4.0
347	641	2.0
856	890	2.0
856	987	2.0
856	988	5.0
856	834	5.0
856	985	1.0
856	968	1.0
856	634	2.0
856	944	1.0
856	189	1.0
856	998	5.0
856	113	7.0
856	628	2.0
856	983	1.0
856	44	1.0
856	848	1.0
69	633	1.0
69	305	4.0
69	902	18.0
69	700	23.0
69	865	3.0
144	952	2.0
144	969	3.0
144	45	4.0
144	373	1.0
635	39	25.0
635	979	1.0
635	872	1.0
635	824	11.0
635	363	2.0
635	709	3.0
635	566	4.0
635	326	3.0
393	273	12.0
393	890	4.0
393	164	1.0
393	422	4.0
393	919	3.0
615	991	2.0
615	966	4.0
615	740	6.0
615	951	3.0
615	923	3.0
297	237	6.0
297	927	2.0
297	966	6.0
297	793	4.0
297	984	4.0
58	653	29.0
58	296	1.0
58	597	16.0
58	948	7.0
58	394	4.0
58	459	5.0
982	953	1.0
982	518	3.0
982	613	8.0
982	902	5.0
982	643	1.0
982	889	2.0
982	725	1.0
982	864	1.0
982	51	3.0
982	95	2.0
982	552	7.0
982	972	1.0
982	494	1.0
982	141	1.0
982	455	9.0
982	837	3.0
982	135	17.0
982	610	13.0
982	824	2.0
982	926	5.0
982	105	2.0
982	749	1.0
983	928	6.0
983	941	2.0
983	129	1.0
983	834	2.0
983	107	1.0
983	890	11.0
983	968	1.0
983	634	4.0
983	426	1.0
983	838	8.0
983	864	5.0
983	186	2.0
983	706	3.0
983	632	3.0
983	913	1.0
983	194	1.0
983	675	5.0
983	113	1.0
983	192	5.0
983	567	1.0
983	944	6.0
983	988	1.0
983	291	2.0
983	998	2.0
983	985	2.0
470	967	9.0
470	906	8.0
470	966	1.0
470	755	2.0
470	26	1.0
608	828	20.0
608	961	1.0
608	861	2.0
608	220	5.0
608	584	4.0
608	911	2.0
608	710	3.0
608	953	2.0
608	932	2.0
548	862	2.0
548	692	5.0
548	948	4.0
548	802	7.0
548	394	7.0
641	657	1.0
641	941	1.0
641	674	1.0
641	672	1.0
641	969	3.0
641	599	1.0
641	505	5.0
641	137	2.0
641	303	1.0
898	491	5.0
898	250	3.0
898	966	1.0
898	359	1.0
898	74	1.0
898	16	3.0
898	750	5.0
898	400	1.0
898	991	1.0
898	984	4.0
898	871	1.0
898	279	1.0
898	872	1.0
898	91	10.0
898	385	3.0
898	193	3.0
898	588	3.0
898	793	1.0
837	610	1.0
837	613	2.0
837	700	17.0
837	751	1.0
837	889	16.0
837	105	22.0
837	51	7.0
837	628	2.0
837	926	4.0
157	1000	1.0
157	979	3.0
157	975	3.0
251	829	2.0
251	840	24.0
251	575	4.0
251	935	12.0
251	919	2.0
251	811	65.0
251	845	1.0
475	777	8.0
475	970	8.0
475	630	1.0
475	750	1.0
475	976	2.0
475	972	7.0
475	981	9.0
475	973	2.0
740	970	3.0
740	951	1.0
740	434	7.0
740	687	2.0
740	893	5.0
740	3	5.0
740	848	18.0
714	939	14.0
714	762	21.0
714	175	30.0
714	923	1.0
714	878	12.0
301	987	3.0
301	991	3.0
301	797	1.0
301	858	2.0
321	501	2.0
321	972	5.0
321	987	12.0
321	47	5.0
321	295	4.0
321	456	4.0
321	951	1.0
321	991	4.0
372	884	5.0
372	894	24.0
372	421	5.0
241	981	2.0
241	961	14.0
241	970	13.0
241	973	12.0
241	191	1.0
563	667	2.0
563	692	1.0
563	951	15.0
563	778	12.0
563	923	6.0
563	687	5.0
294	944	1.0
294	998	2.0
294	968	1.0
294	44	4.0
434	816	2.0
434	26	2.0
434	605	4.0
434	169	4.0
434	919	2.0
434	365	10.0
709	872	1.0
709	233	5.0
709	127	7.0
709	595	2.0
709	750	2.0
709	566	10.0
709	661	1.0
709	999	1.0
625	917	1.0
625	431	5.0
625	659	6.0
625	751	2.0
625	197	3.0
566	979	3.0
566	861	1.0
566	797	1.0
566	542	18.0
566	824	12.0
566	420	6.0
566	685	8.0
650	344	2.0
650	846	6.0
650	842	1.0
650	977	2.0
650	769	2.0
650	260	3.0
164	273	12.0
164	422	5.0
164	6	6.0
164	530	3.0
164	484	2.0
164	795	4.0
731	651	3.0
731	218	2.0
731	674	6.0
731	969	4.0
731	935	1.0
731	630	1.0
731	191	1.0
731	963	1.0
731	303	1.0
731	18	32.0
755	906	2.0
755	967	15.0
755	817	6.0
755	449	3.0
680	692	3.0
680	461	15.0
680	418	9.0
680	855	8.0
680	912	4.0
680	196	4.0
680	841	2.0
680	507	4.0
680	908	1.0
576	9	3.0
576	748	1.0
576	687	1.0
576	814	13.0
576	958	14.0
576	911	3.0
576	977	3.0
675	388	3.0
675	941	7.0
675	700	2.0
675	634	1.0
675	988	5.0
675	706	2.0
675	865	3.0
579	862	1.0
579	948	5.0
579	653	7.0
579	802	13.0
579	771	1.0
579	459	1.0
501	987	2.0
501	278	2.0
501	363	5.0
501	77	7.0
501	798	6.0
501	458	17.0
501	106	7.0
350	141	1.0
350	948	2.0
350	929	1.0
350	105	3.0
350	700	7.0
560	1000	6.0
560	313	2.0
560	617	12.0
560	744	4.0
560	768	1.0
558	876	3.0
558	822	4.0
558	927	1.0
558	976	3.0
558	31	7.0
181	906	4.0
181	967	6.0
181	970	4.0
181	817	8.0
181	336	2.0
181	45	9.0
678	667	1.0
678	39	1.0
678	871	9.0
678	388	2.0
678	897	5.0
678	750	1.0
678	280	5.0
678	972	4.0
678	841	1.0
678	984	2.0
678	56	1.0
678	588	1.0
678	953	5.0
708	431	9.0
708	588	2.0
708	756	1.0
708	717	1.0
708	336	3.0
708	285	11.0
708	926	4.0
766	610	1.0
766	634	1.0
766	34	1.0
766	575	2.0
766	353	5.0
766	722	15.0
766	987	1.0
766	245	3.0
766	816	12.0
766	55	11.0
710	828	1.0
710	953	4.0
710	427	6.0
710	869	10.0
710	967	1.0
710	861	4.0
710	932	6.0
710	921	2.0
710	823	5.0
478	966	4.0
478	808	6.0
478	777	1.0
478	466	1.0
478	341	4.0
478	685	8.0
478	447	1.0
40	942	1.0
40	935	1.0
40	787	3.0
40	84	5.0
40	769	1.0
40	592	5.0
40	723	10.0
307	49	1.0
307	748	11.0
307	66	5.0
307	589	1.0
586	841	6.0
586	673	13.0
586	984	17.0
586	296	2.0
586	972	2.0
586	771	3.0
586	588	7.0
586	793	8.0
293	868	2.0
293	933	6.0
293	855	3.0
293	767	4.0
293	751	6.0
1000	232	4.0
1000	756	1.0
1000	280	2.0
1000	336	1.0
1000	845	3.0
1000	128	8.0
1000	734	4.0
1000	933	1.0
1000	464	1.0
1000	472	5.0
1000	364	3.0
1000	855	2.0
1000	468	4.0
1000	285	4.0
1000	431	1.0
1000	874	3.0
1000	717	1.0
1000	647	4.0
1000	975	10.0
1000	122	4.0
543	121	1.0
543	851	2.0
543	798	4.0
543	341	4.0
543	803	12.0
543	415	8.0
543	685	7.0
147	864	9.0
147	49	15.0
147	917	14.0
147	963	3.0
538	991	4.0
538	797	1.0
538	744	3.0
538	567	8.0
538	987	1.0
538	768	2.0
538	295	47.0
233	979	10.0
233	999	1.0
233	725	2.0
233	842	1.0
233	823	2.0
546	917	6.0
546	984	5.0
546	897	6.0
546	444	14.0
546	972	9.0
546	10	1.0
546	16	2.0
546	673	11.0
300	963	4.0
300	511	5.0
300	542	1.0
300	450	2.0
260	910	4.0
260	977	25.0
843	651	7.0
843	657	8.0
843	910	9.0
843	818	2.0
843	556	19.0
843	759	2.0
843	466	5.0
843	952	2.0
843	249	1.0
843	867	3.0
843	969	3.0
153	894	2.0
153	991	1.0
153	191	1.0
56	296	5.0
56	309	8.0
56	974	10.0
909	590	4.0
909	775	3.0
909	207	5.0
909	628	12.0
909	4	2.0
909	398	17.0
909	929	4.0
909	500	2.0
909	212	13.0
909	974	1.0
909	757	25.0
909	676	11.0
942	651	5.0
942	512	7.0
942	483	1.0
942	787	1.0
942	37	5.0
942	580	8.0
942	592	1.0
942	723	3.0
942	494	1.0
942	315	10.0
942	84	25.0
942	488	3.0
942	737	2.0
942	23	6.0
942	291	8.0
942	229	15.0
942	696	1.0
513	970	7.0
513	973	4.0
513	961	2.0
513	981	3.0
513	864	6.0
518	51	14.0
518	455	3.0
518	581	1.0
518	987	2.0
518	52	6.0
518	926	2.0
578	651	4.0
578	329	1.0
578	969	13.0
578	952	9.0
578	630	1.0
137	952	1.0
137	899	2.0
137	969	7.0
137	893	3.0
61	227	1.0
61	907	32.0
61	421	9.0
9	654	9.0
9	958	19.0
9	16	5.0
9	911	2.0
888	973	5.0
888	502	1.0
888	829	6.0
888	981	16.0
888	935	1.0
888	224	1.0
888	961	9.0
888	47	3.0
888	970	5.0
888	206	4.0
888	623	1.0
580	651	5.0
580	692	9.0
580	951	2.0
580	512	8.0
580	737	6.0
580	787	6.0
580	37	7.0
580	592	3.0
580	696	11.0
580	723	1.0
394	862	8.0
394	948	2.0
394	802	3.0
394	895	1.0
264	913	10.0
264	842	13.0
264	67	6.0
264	846	9.0
264	676	1.0
264	977	6.0
698	818	5.0
698	802	2.0
698	283	7.0
698	671	6.0
698	322	7.0
698	945	2.0
698	553	2.0
51	629	4.0
51	926	6.0
95	83	9.0
95	720	3.0
95	945	6.0
95	940	1.0
417	523	3.0
417	999	2.0
417	979	8.0
417	127	1.0
417	824	5.0
417	542	1.0
417	536	2.0
720	28	29.0
720	83	47.0
720	985	4.0
720	283	1.0
720	945	13.0
720	818	16.0
281	373	1.0
281	505	12.0
281	969	6.0
281	556	10.0
281	952	31.0
281	672	1.0
281	968	3.0
550	919	5.0
550	907	1.0
550	540	5.0
550	139	4.0
550	331	6.0
550	191	1.0
324	748	9.0
324	966	2.0
324	826	5.0
324	960	5.0
324	991	1.0
670	684	1.0
670	952	10.0
670	877	2.0
670	598	1.0
670	52	21.0
185	894	2.0
185	907	3.0
185	24	17.0
510	313	3.0
510	970	9.0
510	290	3.0
510	961	7.0
510	981	7.0
457	912	1.0
457	935	12.0
457	840	6.0
457	10	20.0
457	748	1.0
457	990	3.0
457	919	9.0
457	811	18.0
457	853	6.0
427	448	8.0
427	979	1.0
427	869	6.0
427	921	10.0
427	666	6.0
112	279	2.0
112	930	2.0
112	940	1.0
633	398	6.0
633	767	12.0
633	339	6.0
633	768	4.0
633	782	16.0
491	722	13.0
491	34	1.0
491	851	1.0
491	365	8.0
491	245	12.0
491	706	2.0
194	928	2.0
194	988	2.0
194	998	11.0
194	645	3.0
194	567	1.0
757	929	14.0
757	502	5.0
757	530	4.0
757	798	3.0
757	207	8.0
757	974	5.0
757	676	3.0
632	939	2.0
632	998	2.0
632	985	4.0
632	968	2.0
632	716	2.0
632	643	3.0
632	988	1.0
632	848	9.0
855	692	3.0
855	418	25.0
855	908	21.0
855	659	1.0
855	664	3.0
855	948	3.0
855	382	3.0
855	461	15.0
855	507	20.0
855	912	4.0
855	409	11.0
448	828	3.0
448	358	3.0
448	921	13.0
448	953	2.0
448	450	3.0
606	870	2.0
606	768	5.0
606	782	3.0
606	998	1.0
906	818	1.0
906	817	9.0
906	536	3.0
906	344	2.0
906	305	9.0
906	41	1.0
906	967	3.0
906	926	4.0
808	605	3.0
808	116	1.0
808	313	15.0
808	466	7.0
808	362	6.0
808	802	2.0
808	685	17.0
808	602	4.0
808	976	1.0
808	926	3.0
250	912	1.0
250	203	10.0
250	64	1.0
250	661	1.0
250	984	1.0
659	948	8.0
659	933	1.0
659	829	2.0
659	353	4.0
969	651	2.0
969	657	2.0
969	870	3.0
969	381	7.0
969	630	1.0
969	910	1.0
969	952	12.0
969	249	4.0
969	303	1.0
969	384	3.0
969	599	3.0
969	798	2.0
969	617	1.0
969	359	2.0
969	35	1.0
969	867	2.0
969	988	2.0
969	18	2.0
353	963	5.0
353	551	3.0
595	248	11.0
595	218	6.0
595	39	6.0
595	871	1.0
595	474	1.0
595	725	2.0
595	889	1.0
595	999	9.0
795	273	7.0
795	314	9.0
795	377	5.0
795	505	2.0
795	455	1.0
795	52	9.0
952	651	2.0
952	329	4.0
952	630	32.0
952	910	4.0
952	968	4.0
952	672	2.0
952	359	4.0
952	981	2.0
952	384	1.0
952	797	4.0
952	25	2.0
952	599	6.0
952	974	1.0
952	867	2.0
639	861	4.0
639	626	7.0
639	838	3.0
639	227	4.0
639	921	12.0
639	953	5.0
39	979	9.0
39	213	5.0
39	360	3.0
39	999	8.0
507	910	4.0
507	908	10.0
507	49	13.0
507	912	8.0
507	645	3.0
507	382	10.0
16	280	1.0
16	213	2.0
16	197	2.0
16	966	3.0
254	270	4.0
254	810	14.0
254	818	3.0
254	927	8.0
254	620	17.0
254	976	13.0
592	494	8.0
592	850	2.0
592	203	2.0
592	512	2.0
592	245	1.0
592	696	5.0
610	613	5.0
610	902	12.0
610	725	1.0
610	552	1.0
610	926	3.0
344	967	1.0
344	972	6.0
344	138	1.0
431	647	1.0
431	845	1.0
431	865	3.0
314	422	3.0
314	290	1.0
192	998	4.0
192	67	2.0
192	985	10.0
192	941	11.0
192	706	5.0
192	999	4.0
874	958	2.0
874	128	4.0
874	737	3.0
874	877	2.0
874	437	1.0
874	911	10.0
626	759	5.0
626	961	4.0
626	237	2.0
626	488	4.0
626	168	13.0
626	953	5.0
626	782	4.0
626	551	22.0
626	921	9.0
544	838	7.0
544	869	6.0
544	360	1.0
544	161	13.0
544	953	5.0
544	932	2.0
744	991	4.0
744	532	11.0
744	735	3.0
744	224	6.0
744	81	10.0
744	723	3.0
196	908	2.0
196	279	3.0
196	382	2.0
944	928	2.0
944	278	1.0
944	941	2.0
944	951	3.0
944	968	4.0
944	426	11.0
944	988	4.0
944	716	2.0
944	960	1.0
944	706	9.0
944	890	4.0
944	388	4.0
944	998	5.0
944	567	7.0
944	865	7.0
944	18	3.0
778	171	3.0
778	930	2.0
778	421	4.0
778	923	3.0
778	671	7.0
778	396	6.0
778	951	3.0
778	848	7.0
193	667	1.0
193	972	1.0
193	966	4.0
193	444	3.0
193	400	3.0
10	775	1.0
10	853	24.0
10	935	29.0
10	811	21.0
10	919	23.0
787	494	7.0
787	723	1.0
787	315	9.0
787	512	4.0
787	488	4.0
787	737	6.0
787	463	1.0
787	696	5.0
787	291	37.0
787	864	3.0
787	113	1.0
787	769	3.0
129	894	38.0
129	422	1.0
129	907	13.0
129	421	8.0
437	629	5.0
437	868	6.0
437	270	8.0
437	896	4.0
824	218	1.0
824	420	13.0
824	782	3.0
824	421	1.0
824	447	3.0
824	661	10.0
824	979	6.0
824	999	5.0
676	897	14.0
676	212	4.0
676	590	9.0
676	4	7.0
676	71	4.0
676	974	62.0
643	928	1.0
643	186	5.0
643	998	8.0
643	968	4.0
643	426	4.0
643	988	4.0
643	41	2.0
643	35	3.0
597	862	5.0
597	948	14.0
597	802	1.0
597	771	7.0
597	958	2.0
169	398	1.0
169	990	3.0
692	703	3.0
692	908	1.0
692	912	2.0
692	664	2.0
692	139	12.0
692	826	3.0
692	409	7.0
381	889	3.0
381	329	6.0
381	664	5.0
381	315	2.0
381	858	1.0
365	605	6.0
365	575	15.0
365	973	4.0
365	537	14.0
171	822	8.0
171	927	9.0
171	769	9.0
171	976	1.0
687	923	3.0
687	717	4.0
687	474	5.0
687	951	4.0
687	893	1.0
463	356	1.0
463	917	3.0
463	933	5.0
463	290	4.0
463	44	2.0
203	841	10.0
203	418	14.0
203	966	5.0
817	928	1.0
817	872	2.0
817	967	6.0
817	138	4.0
817	449	7.0
817	536	1.0
818	28	8.0
818	83	7.0
818	945	4.0
818	671	18.0
456	868	1.0
456	84	1.0
456	93	1.0
456	977	3.0
4	899	1.0
4	973	3.0
4	974	5.0
917	751	2.0
917	829	4.0
917	864	2.0
917	44	2.0
917	933	3.0
917	963	1.0
890	811	4.0
890	988	2.0
890	889	2.0
890	186	4.0
890	998	18.0
890	985	2.0
890	716	2.0
890	941	6.0
141	871	2.0
141	700	2.0
279	684	7.0
279	940	3.0
279	930	1.0
206	349	3.0
206	981	7.0
206	970	10.0
206	81	6.0
581	868	2.0
581	896	3.0
581	76	4.0
581	629	5.0
329	894	1.0
329	320	2.0
329	867	1.0
737	494	16.0
737	985	5.0
737	37	4.0
737	488	6.0
737	889	2.0
737	229	1.0
737	315	9.0
175	500	6.0
175	939	10.0
175	589	4.0
41	449	7.0
41	967	2.0
472	850	5.0
472	121	1.0
472	127	1.0
472	869	1.0
472	468	6.0
472	911	1.0
364	935	3.0
364	975	4.0
364	769	1.0
364	553	1.0
928	941	1.0
928	968	2.0
928	634	1.0
928	113	1.0
928	186	9.0
928	706	1.0
928	985	11.0
928	716	1.0
928	474	1.0
928	988	4.0
928	682	3.0
928	998	3.0
822	414	3.0
822	810	5.0
822	927	3.0
822	512	2.0
822	976	10.0
822	999	3.0
822	162	3.0
822	536	1.0
72	841	3.0
72	734	8.0
72	748	4.0
72	384	6.0
237	363	4.0
237	828	5.0
237	703	4.0
237	953	6.0
237	932	3.0
966	667	1.0
966	897	2.0
966	74	11.0
966	224	2.0
966	871	2.0
966	984	1.0
966	972	1.0
966	977	1.0
966	673	4.0
966	793	12.0
951	305	2.0
951	396	14.0
951	893	1.0
951	331	3.0
951	923	2.0
951	848	3.0
751	265	6.0
751	963	5.0
751	829	1.0
751	197	1.0
751	285	1.0
751	18	1.0
751	44	7.0
784	494	1.0
784	25	1.0
784	970	1.0
784	990	1.0
784	878	1.0
784	458	3.0
363	953	1.0
363	884	2.0
363	932	1.0
502	961	7.0
502	970	9.0
502	973	10.0
502	623	21.0
502	981	14.0
532	987	3.0
532	797	4.0
532	585	1.0
532	286	2.0
532	991	1.0
532	988	3.0
67	977	11.0
67	846	20.0
67	823	2.0
935	919	21.0
935	811	1.0
935	853	8.0
935	840	9.0
935	149	8.0
935	110	6.0
935	602	2.0
935	976	1.0
816	722	1.0
816	34	2.0
816	575	9.0
816	605	4.0
816	988	5.0
816	537	1.0
960	406	4.0
960	748	17.0
960	302	6.0
960	826	4.0
960	845	4.0
960	589	10.0
960	734	6.0
960	929	1.0
960	500	1.0
960	24	1.0
960	464	1.0
960	872	5.0
960	977	5.0
960	677	1.0
113	941	9.0
113	998	3.0
958	967	3.0
958	912	4.0
958	871	3.0
958	598	13.0
958	624	4.0
958	911	2.0
958	814	8.0
958	877	4.0
991	77	2.0
991	47	22.0
991	746	5.0
991	23	5.0
991	599	2.0
991	987	5.0
991	106	1.0
991	908	1.0
991	484	8.0
991	968	3.0
991	858	2.0
991	224	4.0
991	777	1.0
991	797	2.0
991	159	2.0
991	22	1.0
991	339	1.0
991	976	1.0
991	368	1.0
991	899	2.0
34	605	1.0
34	11	8.0
398	990	1.0
871	910	1.0
871	86	4.0
871	91	10.0
871	972	5.0
871	841	4.0
871	899	1.0
871	588	12.0
871	999	2.0
871	897	6.0
466	213	1.0
466	313	4.0
466	851	16.0
466	116	3.0
975	232	3.0
975	893	2.0
975	14	5.0
975	161	4.0
975	845	4.0
975	717	3.0
975	464	7.0
975	974	3.0
975	212	1.0
975	122	6.0
975	468	6.0
91	385	10.0
91	972	2.0
91	814	4.0
91	750	5.0
259	562	14.0
259	734	8.0
842	913	8.0
842	354	3.0
842	769	1.0
842	140	1.0
842	846	4.0
842	977	5.0
842	106	1.0
842	337	1.0
798	987	3.0
798	86	1.0
798	159	4.0
798	630	6.0
798	484	3.0
798	23	10.0
798	77	4.0
798	693	3.0
798	106	6.0
511	368	3.0
511	420	1.0
511	450	4.0
977	913	4.0
977	140	20.0
977	973	1.0
977	984	1.0
977	846	15.0
977	769	1.0
229	512	4.0
229	723	1.0
814	862	1.0
814	414	1.0
814	654	7.0
814	664	5.0
814	911	3.0
814	861	1.0
814	158	2.0
661	349	11.0
661	872	6.0
661	11	5.0
661	420	7.0
661	725	8.0
661	999	3.0
661	979	7.0
218	64	5.0
218	902	1.0
218	999	7.0
703	461	19.0
703	908	4.0
703	912	2.0
703	645	9.0
703	664	5.0
703	418	8.0
703	979	3.0
121	464	1.0
575	869	2.0
575	359	2.0
63	850	14.0
63	458	12.0
617	667	2.0
617	870	2.0
617	242	5.0
617	767	9.0
617	768	5.0
617	623	2.0
927	876	8.0
927	620	3.0
927	162	7.0
927	810	3.0
927	500	3.0
927	159	2.0
927	976	1.0
270	877	2.0
270	868	13.0
756	64	1.0
756	122	1.0
756	845	2.0
973	584	2.0
973	970	29.0
973	331	1.0
973	961	17.0
973	777	11.0
973	981	9.0
973	623	10.0
973	673	2.0
923	853	1.0
923	981	5.0
923	893	9.0
923	848	3.0
280	86	9.0
280	984	6.0
280	897	6.0
280	673	7.0
415	803	8.0
415	75	6.0
415	897	11.0
47	987	6.0
47	899	11.0
47	224	11.0
207	273	1.0
207	590	10.0
207	628	11.0
207	974	6.0
207	896	3.0
14	651	12.0
14	135	3.0
598	654	3.0
598	624	1.0
598	911	1.0
458	810	1.0
458	850	3.0
458	3	2.0
458	990	2.0
868	896	5.0
868	967	1.0
868	629	6.0
868	76	1.0
895	735	15.0
895	452	7.0
895	152	4.0
895	884	4.0
895	202	13.0
895	999	1.0
895	106	1.0
895	823	10.0
939	913	5.0
939	746	4.0
939	974	1.0
939	760	16.0
939	762	5.0
939	749	12.0
939	878	11.0
939	375	3.0
970	549	4.0
970	777	1.0
970	981	5.0
970	623	10.0
970	961	11.0
409	908	1.0
409	534	3.0
409	907	1.0
409	31	1.0
666	828	5.0
666	358	3.0
666	551	1.0
666	953	2.0
168	953	6.0
168	759	12.0
168	861	12.0
168	278	1.0
168	161	11.0
134	455	9.0
134	811	2.0
693	585	1.0
693	159	5.0
693	987	6.0
693	899	8.0
693	858	6.0
540	101	8.0
540	894	1.0
540	78	5.0
540	933	2.0
771	948	6.0
771	802	5.0
771	869	1.0
771	862	2.0
771	459	2.0
771	337	7.0
161	647	9.0
161	227	23.0
161	869	7.0
161	953	4.0
623	987	1.0
623	961	10.0
623	976	3.0
623	981	1.0
929	549	3.0
929	590	5.0
929	628	32.0
929	974	9.0
929	328	3.0
929	530	6.0
929	838	2.0
929	71	7.0
911	414	1.0
911	910	1.0
911	309	2.0
911	877	13.0
139	908	12.0
139	912	6.0
139	664	13.0
775	273	2.0
775	422	7.0
775	290	11.0
775	990	1.0
775	377	8.0
908	870	3.0
908	664	7.0
908	645	16.0
908	912	1.0
908	418	6.0
908	461	5.0
908	382	5.0
908	877	3.0
908	534	2.0
420	585	1.0
420	979	1.0
420	999	8.0
337	930	10.0
337	684	15.0
337	627	8.0
337	400	8.0
337	940	1.0
444	870	6.0
444	400	4.0
444	750	8.0
444	972	3.0
302	406	13.0
302	748	2.0
523	979	1.0
523	872	4.0
523	999	3.0
296	62	20.0
296	35	2.0
296	972	4.0
296	793	3.0
829	933	4.0
829	356	2.0
829	110	4.0
829	826	5.0
829	864	5.0
829	963	1.0
841	667	3.0
841	985	8.0
841	984	1.0
841	793	5.0
841	972	1.0
841	945	4.0
841	400	1.0
841	202	1.0
74	667	1.0
74	972	3.0
224	716	1.0
224	295	5.0
31	876	7.0
31	976	12.0
31	556	3.0
459	797	1.0
459	961	2.0
459	948	5.0
862	722	1.0
862	49	4.0
862	653	5.0
862	802	10.0
328	249	2.0
328	876	16.0
25	990	2.0
530	212	7.0
530	590	7.0
530	984	1.0
530	249	1.0
530	974	1.0
159	987	4.0
159	907	5.0
717	464	4.0
717	534	5.0
249	505	3.0
35	309	2.0
35	42	1.0
213	667	2.0
213	972	7.0
213	706	7.0
213	897	5.0
213	673	8.0
213	400	3.0
158	877	2.0
865	722	3.0
865	985	3.0
865	702	7.0
865	988	5.0
865	968	5.0
865	941	4.0
865	998	12.0
865	326	8.0
190	985	5.0
190	968	10.0
910	384	2.0
910	657	7.0
910	599	9.0
910	320	3.0
910	373	4.0
910	999	1.0
83	990	1.0
83	945	12.0
278	987	3.0
278	295	11.0
851	913	2.0
851	362	9.0
851	803	3.0
851	75	8.0
851	685	5.0
851	551	2.0
941	653	1.0
941	988	1.0
941	706	3.0
941	388	1.0
941	985	26.0
941	567	2.0
941	968	1.0
941	375	2.0
941	682	5.0
941	998	4.0
811	828	5.0
811	840	20.0
811	919	6.0
811	926	2.0
811	853	11.0
767	406	2.0
767	187	11.0
767	878	5.0
767	624	2.0
767	768	1.0
767	782	16.0
414	877	10.0
414	624	1.0
414	128	3.0
735	107	1.0
735	484	1.0
735	152	10.0
735	823	2.0
149	248	3.0
149	861	11.0
149	919	8.0
149	853	9.0
838	759	1.0
838	861	1.0
838	22	2.0
838	584	2.0
838	828	15.0
838	953	1.0
838	227	15.0
838	358	1.0
838	932	5.0
838	793	2.0
870	555	12.0
870	242	13.0
870	286	6.0
870	142	4.0
870	782	11.0
869	861	5.0
869	921	10.0
869	828	2.0
869	483	5.0
869	953	24.0
869	932	8.0
78	850	1.0
78	907	3.0
78	138	1.0
78	602	1.0
336	725	1.0
18	657	1.0
18	630	4.0
657	834	5.0
657	320	1.0
657	867	4.0
23	987	1.0
23	368	2.0
86	972	6.0
86	455	6.0
86	948	2.0
86	62	16.0
86	984	1.0
500	826	35.0
500	66	20.0
777	972	6.0
777	961	28.0
777	981	3.0
932	921	3.0
932	584	3.0
932	867	4.0
932	706	10.0
932	759	4.0
932	828	4.0
932	551	4.0
932	861	5.0
932	953	1.0
932	696	1.0
265	933	1.0
265	295	8.0
265	963	1.0
265	452	1.0
933	180	11.0
933	864	3.0
933	44	5.0
933	734	17.0
933	963	4.0
933	356	5.0
26	673	1.0
26	653	1.0
426	988	5.0
426	998	1.0
750	667	3.0
750	984	4.0
750	803	1.0
750	162	1.0
384	505	4.0
384	556	12.0
127	722	2.0
127	979	2.0
127	725	1.0
127	999	2.0
197	354	4.0
197	864	1.0
197	963	1.0
945	283	5.0
945	671	5.0
945	322	4.0
945	76	2.0
945	553	25.0
945	28	14.0
945	696	2.0
285	232	5.0
285	464	3.0
202	968	2.0
202	884	18.0
202	452	23.0
468	884	2.0
926	700	5.0
926	902	12.0
926	889	3.0
926	782	2.0
926	455	4.0
926	42	1.0
926	105	6.0
651	599	3.0
651	682	2.0
562	682	5.0
562	748	5.0
562	826	9.0
555	286	31.0
555	107	7.0
555	974	1.0
930	667	7.0
930	940	6.0
930	684	2.0
930	559	5.0
930	867	1.0
930	92	6.0
484	797	6.0
484	864	2.0
853	896	4.0
853	919	7.0
853	110	4.0
990	3	2.0
990	84	1.0
990	385	1.0
990	295	1.0
990	105	3.0
990	850	7.0
990	912	1.0
990	22	2.0
483	584	2.0
483	921	7.0
483	52	21.0
552	613	3.0
552	624	1.0
552	889	3.0
552	537	1.0
768	180	1.0
768	907	3.0
768	3	1.0
447	979	3.0
447	746	4.0
447	872	13.0
447	999	17.0
447	567	2.0
725	349	4.0
725	979	6.0
725	872	2.0
725	999	2.0
725	963	2.0
725	921	1.0
760	913	1.0
760	762	2.0
760	749	15.0
760	700	2.0
760	142	5.0
760	793	1.0
536	967	3.0
536	505	9.0
116	362	4.0
116	421	12.0
974	590	15.0
974	77	2.0
974	628	4.0
974	212	4.0
974	972	1.0
974	71	1.0
553	963	1.0
553	671	45.0
797	746	12.0
797	897	1.0
797	987	1.0
797	303	1.0
494	585	2.0
494	315	14.0
494	512	4.0
494	696	4.0
28	283	11.0
556	674	3.0
556	303	1.0
672	359	5.0
672	967	1.0
872	248	21.0
872	13	4.0
872	999	1.0
872	360	1.0
629	896	12.0
629	921	3.0
629	987	1.0
629	76	3.0
976	627	3.0
976	876	7.0
976	889	1.0
976	620	5.0
976	810	6.0
976	101	1.0
976	162	15.0
976	963	6.0
976	961	1.0
356	963	1.0
356	628	2.0
360	979	4.0
360	999	7.0
449	967	5.0
24	634	9.0
24	894	13.0
24	331	1.0
24	191	2.0
62	984	1.0
803	948	1.0
803	313	2.0
803	341	16.0
803	894	2.0
803	320	5.0
803	685	12.0
803	602	16.0
907	331	3.0
907	191	12.0
907	894	5.0
907	421	2.0
286	549	2.0
286	587	2.0
339	585	11.0
339	549	25.0
912	664	1.0
912	140	1.0
912	645	9.0
912	534	5.0
912	674	1.0
912	382	4.0
620	810	1.0
620	101	5.0
867	599	3.0
867	320	15.0
867	359	6.0
867	373	9.0
867	303	5.0
37	242	13.0
37	984	1.0
37	723	3.0
11	722	28.0
11	999	1.0
11	537	8.0
55	406	12.0
55	722	7.0
55	537	3.0
55	702	1.0
52	759	1.0
52	921	3.0
52	828	3.0
537	722	6.0
537	605	8.0
537	985	3.0
537	984	3.0
913	140	11.0
913	613	1.0
913	769	4.0
948	653	1.0
948	802	3.0
948	354	3.0
948	49	8.0
948	858	5.0
948	45	21.0
461	559	2.0
461	645	1.0
861	326	3.0
861	759	4.0
861	762	5.0
861	227	7.0
861	358	12.0
674	876	4.0
674	749	2.0
674	320	6.0
674	359	1.0
388	988	2.0
388	834	3.0
388	998	1.0
368	987	9.0
368	858	1.0
985	834	1.0
985	107	2.0
985	968	10.0
985	186	6.0
985	706	4.0
985	999	1.0
985	979	1.0
985	998	1.0
985	716	4.0
985	326	2.0
985	988	7.0
396	474	5.0
396	848	2.0
400	988	1.0
245	722	10.0
44	963	6.0
584	828	6.0
584	551	7.0
584	921	4.0
291	696	9.0
291	551	3.0
291	488	4.0
291	128	2.0
45	940	2.0
654	128	2.0
654	877	1.0
746	987	5.0
746	220	3.0
746	75	1.0
746	899	1.0
746	858	11.0
354	963	1.0
242	180	4.0
140	373	1.0
140	846	22.0
700	889	9.0
700	902	19.0
634	627	6.0
634	968	2.0
634	567	1.0
634	988	1.0
634	998	2.0
981	232	6.0
981	899	1.0
981	961	1.0
981	921	2.0
981	840	1.0
981	877	1.0
375	878	2.0
375	749	2.0
309	984	3.0
452	884	4.0
452	823	12.0
326	988	6.0
326	968	15.0
326	706	1.0
21	734	1.0
21	92	9.0
684	627	2.0
684	940	2.0
984	667	11.0
984	897	1.0
984	220	3.0
984	702	1.0
984	488	2.0
984	385	4.0
984	972	6.0
110	748	3.0
110	840	2.0
22	762	3.0
488	84	3.0
488	696	7.0
884	248	4.0
884	152	3.0
884	221	3.0
884	823	2.0
840	919	21.0
840	793	2.0
840	152	8.0
647	846	2.0
677	406	1.0
677	734	3.0
677	702	5.0
677	589	2.0
677	826	3.0
677	602	2.0
602	896	2.0
602	362	3.0
998	848	2.0
998	968	4.0
998	706	3.0
998	828	2.0
998	716	4.0
998	567	8.0
998	988	11.0
998	967	1.0
793	107	6.0
793	897	9.0
793	972	3.0
793	999	4.0
858	987	13.0
858	899	10.0
858	953	3.0
248	979	3.0
248	999	5.0
418	664	11.0
418	716	2.0
418	645	12.0
549	899	1.0
367	406	2.0
367	122	4.0
367	71	1.0
220	899	6.0
220	81	7.0
627	940	2.0
627	782	1.0
341	313	2.0
341	921	2.0
850	961	1.0
902	810	1.0
902	373	1.0
902	455	20.0
373	893	1.0
322	283	9.0
322	671	8.0
893	377	1.0
893	567	1.0
628	685	1.0
589	734	10.0
589	896	2.0
305	967	23.0
979	349	2.0
979	999	6.0
979	542	7.0
142	180	4.0
142	810	4.0
101	876	6.0
385	588	15.0
664	645	3.0
189	963	2.0
189	645	2.0
152	221	3.0
152	823	1.0
834	968	3.0
834	988	5.0
834	889	2.0
588	667	2.0
588	919	2.0
66	826	1.0
66	377	1.0
542	671	2.0
542	13	1.0
542	999	14.0
320	828	13.0
221	734	3.0
377	273	13.0
377	422	2.0
802	49	10.0
685	988	7.0
940	559	5.0
940	967	1.0
138	967	15.0
93	896	2.0
93	749	1.0
93	823	1.0
706	968	10.0
723	599	4.0
723	505	5.0
723	696	2.0
723	315	5.0
505	749	1.0
315	84	24.0
42	105	11.0
702	826	8.0
702	682	2.0
716	968	2.0
567	988	4.0
559	92	1.0
682	748	22.0
682	826	3.0
953	921	4.0
953	828	3.0
953	227	4.0
876	810	17.0
590	968	4.0
972	897	9.0
972	673	2.0
988	921	3.0
988	968	5.0
76	896	1.0
331	421	1.0
921	551	2.0
759	828	1.0
810	878	5.0
810	534	4.0
734	748	2.0
762	878	45.0
749	878	4.0
84	534	7.0
84	696	10.0
987	77	4.0
987	295	9.0
987	358	3.0
987	899	5.0
963	864	7.0
963	673	1.0
645	534	6.0
826	81	1.0
13	587	1.0
13	999	3.0
999	349	2.0
